0 0.566292 0.819149 0.202247 0.297872
0 0.367416 0.721884 0.040449 0.142857
0 0.069101 0.708967 0.064045 0.150456
0 0.284831 0.664894 0.039326 0.086626
0 0.346067 0.668693 0.022472 0.106383
0 0.428090 0.673252 0.011236 0.097264
0 0.410112 0.643617 0.017978 0.053191
0 0.443820 0.637538 0.015730 0.053191
0 0.503933 0.645137 0.023596 0.059271
0 0.528652 0.666413 0.016854 0.041033
0 0.670225 0.685410 0.034831 0.088146
0 0.787640 0.724924 0.078652 0.118541
0 0.824719 0.683891 0.044944 0.082067
0 0.837640 0.656535 0.039326 0.063830
0 0.716292 0.662614 0.016854 0.054711
0 0.760674 0.660334 0.017978 0.041033
0 0.570225 0.648936 0.014607 0.039514
0 0.585955 0.654255 0.005618 0.028875
0 0.606742 0.644377 0.011236 0.042553
