0 0.928711 0.959004 0.037109 0.064422
0 0.851562 0.964129 0.023438 0.054173
0 0.753906 0.932650 0.035156 0.099561
0 0.835938 0.866764 0.027344 0.102489
0 0.985352 0.903367 0.025391 0.105417
0 0.889160 0.851391 0.032227 0.130307
0 0.963867 0.789898 0.019531 0.083455
0 0.937500 0.748170 0.029297 0.087848
0 0.900391 0.767936 0.029297 0.060029
0 0.877930 0.732064 0.029297 0.111274
0 0.819824 0.796486 0.018555 0.052709
0 0.777832 0.825769 0.028320 0.090776
0 0.717285 0.879941 0.024414 0.117130
0 0.734375 0.775988 0.033203 0.087848
0 0.751465 0.732796 0.040039 0.068814
0 0.811035 0.737189 0.034180 0.077599
0 0.833496 0.713763 0.028320 0.071742
0 0.924805 0.691069 0.025391 0.076135
0 0.884277 0.658126 0.026367 0.060029
0 0.841797 0.656662 0.027344 0.103953
0 0.863281 0.603221 0.015625 0.064422
0 0.891113 0.621523 0.024414 0.062958
0 0.812988 0.616398 0.026367 0.096633
0 0.837891 0.567350 0.019531 0.060029
0 0.848633 0.550512 0.011719 0.038067
0 0.833496 0.529283 0.016602 0.048316
0 0.626953 0.887262 0.035156 0.187408
0 0.614258 0.762079 0.027344 0.115666
0 0.646973 0.729868 0.020508 0.124451
0 0.738281 0.684480 0.123047 0.144949
0 0.632324 0.642020 0.020508 0.095168
0 0.650879 0.584919 0.012695 0.089312
0 0.617676 0.605417 0.010742 0.077599
0 0.680176 0.575403 0.018555 0.096633
0 0.720703 0.571742 0.021484 0.065886
0 0.751465 0.571742 0.018555 0.039531
0 0.751465 0.549780 0.075195 0.127379
0 0.750488 0.472914 0.059570 0.076135
0 0.770508 0.440703 0.048828 0.081991
0 0.725586 0.406296 0.031250 0.060029
0 0.709961 0.384334 0.041016 0.054173
0 0.635254 0.411420 0.053711 0.070278
0 0.644043 0.345534 0.043945 0.055637
0 0.562500 0.414348 0.052734 0.081991
0 0.539551 0.539531 0.075195 0.092240
0 0.544922 0.671303 0.097656 0.153734
0 0.384277 0.707174 0.102539 0.140556
0 0.294922 0.915081 0.123047 0.143485
0 0.423340 0.584187 0.071289 0.114202
0 0.437012 0.487555 0.061523 0.084919
0 0.439453 0.434114 0.048828 0.033675
0 0.491699 0.427526 0.043945 0.055637
0 0.363770 0.442899 0.057617 0.071742
0 0.396484 0.403367 0.031250 0.042460
0 0.415527 0.371157 0.030273 0.027818
0 0.421387 0.333821 0.024414 0.035139
0 0.203125 0.678624 0.105469 0.121523
0 0.524414 0.942899 0.039062 0.090776
0 0.546875 0.846266 0.035156 0.140556
0 0.611328 0.528551 0.023438 0.055637
0 0.594238 0.472914 0.014648 0.035139
0 0.575195 0.500732 0.011719 0.067350
0 0.640137 0.500732 0.018555 0.049780
0 0.662598 0.512445 0.018555 0.035139
0 0.682617 0.502928 0.015625 0.033675
0 0.427734 0.950220 0.042969 0.087848
0 0.455078 0.867496 0.033203 0.118594
0 0.282715 0.770864 0.032227 0.080527
0 0.223633 0.776720 0.037109 0.133236
0 0.145996 0.907028 0.040039 0.127379
0 0.129883 0.842606 0.021484 0.103953
0 0.107422 0.811127 0.029297 0.125915
0 0.059570 0.760615 0.023438 0.118594
0 0.055664 0.935578 0.031250 0.087848
0 0.020020 0.826501 0.018555 0.106881
0 0.039062 0.699854 0.011719 0.084919
0 0.102539 0.691069 0.021484 0.081991
0 0.311523 0.641288 0.011719 0.102489
0 0.352539 0.573206 0.015625 0.077599
0 0.371582 0.543192 0.022461 0.070278
0 0.322266 0.570278 0.013672 0.039531
0 0.287109 0.561493 0.015625 0.062958
0 0.266113 0.586384 0.014648 0.068814
0 0.249023 0.611274 0.017578 0.045388
0 0.201172 0.591508 0.017578 0.043924
0 0.158203 0.603953 0.023438 0.057101
0 0.125977 0.639824 0.035156 0.084919
0 0.065918 0.648609 0.016602 0.049780
