0 0.465441 0.721204 0.036765 0.212042
0 0.375000 0.721204 0.047059 0.123037
0 0.375000 0.289267 0.044118 0.107330
0 0.425000 0.278796 0.020588 0.075916
0 0.460294 0.390052 0.023529 0.073298
0 0.469118 0.222513 0.017647 0.052356
0 0.469853 0.179319 0.016176 0.034031
0 0.428676 0.162304 0.022059 0.036649
0 0.475000 0.112565 0.020588 0.062827
0 0.442647 0.082461 0.014706 0.054974
0 0.558824 0.299738 0.029412 0.060209
0 0.592647 0.541885 0.044118 0.094241
0 0.713971 0.755236 0.069118 0.133508
0 0.621324 0.320681 0.045588 0.112565
0 0.588235 0.204188 0.023529 0.052356
0 0.566176 0.130890 0.017647 0.041885
0 0.522794 0.092932 0.019118 0.039267
0 0.555147 0.065445 0.013235 0.031414
