0 0.495663 0.942704 0.112755 0.111536
0 0.474235 0.809396 0.089286 0.124523
0 0.303316 0.955691 0.072959 0.053476
0 0.222704 0.925134 0.033163 0.113063
0 0.248724 0.859053 0.036224 0.104660
0 0.256122 0.763942 0.023469 0.067227
0 0.356122 0.893048 0.030612 0.103896
0 0.352551 0.826585 0.029592 0.058060
0 0.324490 0.741788 0.072449 0.128342
0 0.571429 0.914057 0.034694 0.110772
0 0.576786 0.798319 0.025000 0.079450
0 0.551020 0.762414 0.026531 0.114591
0 0.511224 0.710466 0.033673 0.097785
0 0.661224 0.929717 0.056122 0.079450
0 0.668878 0.819328 0.096939 0.119939
0 0.639796 0.756303 0.084694 0.090145
0 0.637755 0.699389 0.089796 0.083270
0 0.596173 0.632162 0.067857 0.078686
0 0.602296 0.567609 0.057653 0.074866
0 0.583418 0.534377 0.037245 0.016043
0 0.569133 0.517953 0.041327 0.065699
0 0.573980 0.478610 0.051020 0.055768
0 0.568112 0.437357 0.038265 0.043545
0 0.475000 0.608480 0.064286 0.083270
0 0.482653 0.550420 0.057143 0.078686
0 0.478061 0.513369 0.056122 0.068755
0 0.480612 0.455691 0.053061 0.095493
0 0.341071 0.636746 0.017857 0.038961
0 0.383163 0.644003 0.066327 0.091673
0 0.320153 0.611917 0.029082 0.087089
0 0.279592 0.639037 0.024490 0.092437
0 0.392857 0.580214 0.061224 0.071047
0 0.395918 0.524064 0.056122 0.058060
0 0.405612 0.485485 0.046939 0.052712
0 0.397449 0.448052 0.045918 0.058824
