0 0.539167 0.880208 0.166667 0.195312
0 0.970000 0.938802 0.060000 0.119792
0 0.911250 0.798177 0.100833 0.197917
0 0.820833 0.743490 0.066667 0.184896
0 0.810833 0.623698 0.103333 0.072917
0 0.840000 0.556641 0.095000 0.110677
0 0.974583 0.522786 0.039167 0.108073
0 0.672917 0.527344 0.099167 0.143229
0 0.756667 0.402995 0.078333 0.089844
0 0.862500 0.443359 0.071667 0.108073
0 0.860417 0.341797 0.072500 0.076823
0 0.801250 0.296224 0.049167 0.074219
0 0.551250 0.412109 0.080833 0.118490
0 0.533750 0.277344 0.065833 0.091146
0 0.424583 0.254557 0.050833 0.074219
0 0.441667 0.193359 0.043333 0.058594
0 0.327083 0.252604 0.057500 0.065104
0 0.366667 0.855469 0.041667 0.169271
0 0.232500 0.882161 0.028333 0.175781
0 0.265000 0.816406 0.038333 0.130208
0 0.347917 0.733724 0.020833 0.092448
0 0.450000 0.725911 0.021667 0.149740
0 0.490000 0.730469 0.030000 0.085938
0 0.642917 0.791667 0.025833 0.169271
0 0.677500 0.755208 0.030000 0.177083
0 0.592917 0.723958 0.032500 0.125000
0 0.620833 0.638672 0.025000 0.121094
0 0.579167 0.593750 0.018333 0.106771
0 0.491250 0.632161 0.039167 0.128906
0 0.226667 0.714844 0.026667 0.125000
0 0.170000 0.821615 0.040000 0.177083
0 0.053750 0.883464 0.037500 0.165365
0 0.022083 0.817708 0.025833 0.098958
0 0.155000 0.683594 0.035000 0.130208
0 0.229167 0.608724 0.031667 0.100260
0 0.271667 0.550130 0.020000 0.118490
0 0.311250 0.686198 0.025833 0.125000
0 0.375417 0.610677 0.017500 0.111979
0 0.410417 0.679688 0.030833 0.138021
0 0.442500 0.593750 0.026667 0.098958
0 0.642083 0.602865 0.024167 0.106771
0 0.622917 0.542969 0.022500 0.088542
0 0.907917 0.608073 0.035833 0.135417
0 0.984583 0.616536 0.030833 0.113281
0 0.763333 0.490234 0.031667 0.100260
0 0.840417 0.460938 0.019167 0.054688
0 0.913333 0.473958 0.031667 0.101562
0 0.957500 0.423828 0.025000 0.082031
0 0.972500 0.389323 0.023333 0.072917
0 0.872083 0.361328 0.019167 0.045573
0 0.829167 0.345703 0.018333 0.069010
0 0.772500 0.309896 0.020000 0.072917
0 0.731250 0.315755 0.019167 0.082031
0 0.704583 0.332682 0.015833 0.082031
0 0.691667 0.413411 0.015000 0.069010
0 0.653333 0.381510 0.016667 0.070312
0 0.607917 0.391276 0.022500 0.097656
0 0.466667 0.509115 0.023333 0.096354
0 0.415417 0.527995 0.017500 0.079427
0 0.333333 0.611328 0.016667 0.048177
0 0.318333 0.558594 0.013333 0.080729
0 0.335000 0.513672 0.023333 0.071615
0 0.363750 0.495443 0.010833 0.066406
0 0.392083 0.475911 0.012500 0.066406
0 0.453333 0.422526 0.033333 0.102865
0 0.404167 0.397135 0.020000 0.072917
0 0.374167 0.385417 0.021667 0.093750
0 0.345417 0.455729 0.020833 0.059896
0 0.285000 0.466797 0.016667 0.063802
0 0.245417 0.505859 0.025833 0.089844
0 0.192917 0.505859 0.032500 0.115885
0 0.070417 0.524089 0.034167 0.110677
0 0.112917 0.407552 0.027500 0.096354
0 0.164167 0.375651 0.020000 0.079427
0 0.189583 0.347656 0.024167 0.088542
0 0.167083 0.321615 0.017500 0.057292
0 0.237917 0.386068 0.019167 0.089844
0 0.316667 0.408854 0.023333 0.109375
0 0.340417 0.339844 0.019167 0.091146
0 0.371250 0.311849 0.012500 0.063802
0 0.432917 0.283203 0.022500 0.079427
