0 0.752000 0.847892 0.196000 0.250000
0 0.683000 0.634036 0.142000 0.201807
0 0.700000 0.498494 0.112000 0.111446
0 0.350000 0.765060 0.180000 0.204819
0 0.384000 0.578313 0.148000 0.180723
0 0.042000 0.703313 0.080000 0.201807
0 0.127000 0.495482 0.150000 0.219880
0 0.241000 0.391566 0.126000 0.180723
0 0.473000 0.381024 0.134000 0.171687
0 0.552000 0.293675 0.124000 0.141566
0 0.396000 0.240964 0.120000 0.174699
0 0.445000 0.188253 0.078000 0.135542
0 0.506000 0.149096 0.084000 0.129518
0 0.622000 0.204819 0.080000 0.120482
0 0.704000 0.167169 0.076000 0.099398
0 0.852000 0.245482 0.096000 0.105422
0 0.892000 0.174699 0.100000 0.114458
0 0.773000 0.099398 0.086000 0.114458
0 0.868000 0.048193 0.084000 0.090361
0 0.968000 0.091867 0.064000 0.111446
