0 0.462500 0.821066 0.036765 0.149746
0 0.349265 0.802030 0.042647 0.197970
0 0.462500 0.624365 0.042647 0.147208
0 0.466912 0.513959 0.030882 0.073604
0 0.388235 0.596447 0.035294 0.111675
0 0.406618 0.492386 0.027941 0.071066
0 0.476471 0.420051 0.026471 0.073604
0 0.423529 0.412437 0.023529 0.068528
0 0.476471 0.350254 0.026471 0.055838
0 0.433824 0.351523 0.017647 0.053299
0 0.589706 0.436548 0.052941 0.131980
0 0.655882 0.852792 0.085294 0.213198
0 0.562500 0.277919 0.039706 0.083756
0 0.545588 0.180203 0.017647 0.055838
0 0.539706 0.125635 0.014706 0.038071
0 0.533824 0.087563 0.014706 0.032995
0 0.441176 0.312183 0.014706 0.045685
0 0.383088 0.898477 0.016176 0.081218
0 0.364706 0.967005 0.020588 0.055838
