0 0.400136 0.804524 0.074728 0.084687
0 0.254076 0.929234 0.095109 0.113689
0 0.400815 0.722158 0.043478 0.047564
0 0.566576 0.787123 0.078804 0.080046
0 0.733016 0.874130 0.093750 0.070766
0 0.576087 0.703016 0.051630 0.030162
0 0.516304 0.679234 0.067935 0.077726
0 0.359375 0.665313 0.033967 0.031323
0 0.404891 0.642691 0.027174 0.025522
0 0.219429 0.788283 0.020380 0.040603
0 0.182745 0.795244 0.017663 0.038283
0 0.156929 0.838167 0.028533 0.054524
0 0.104620 0.896752 0.029891 0.062645
0 0.243207 0.756381 0.016304 0.041763
0 0.215353 0.742459 0.014946 0.030162
