0 0.200570 0.882311 0.157795 0.106990
0 0.339354 0.675464 0.104563 0.075606
0 0.178707 0.638374 0.038023 0.049929
0 0.687262 0.818117 0.058935 0.081312
0 0.818441 0.855920 0.051331 0.077033
0 0.961977 0.873752 0.060837 0.084165
0 0.852662 0.810984 0.043726 0.069900
0 0.815589 0.735378 0.049430 0.078459
0 0.769962 0.758916 0.045627 0.077033
0 0.704373 0.763195 0.043726 0.077033
0 0.654943 0.697575 0.047529 0.068474
0 0.541825 0.685449 0.034221 0.055635
0 0.593156 0.651926 0.030418 0.051355
0 0.593156 0.615549 0.022814 0.041369
0 0.545627 0.631241 0.022814 0.038516
0 0.508555 0.615549 0.024715 0.044223
0 0.293726 0.539943 0.047529 0.027104
0 0.306084 0.508559 0.049430 0.044223
0 0.357414 0.481455 0.038023 0.027104
0 0.454373 0.582026 0.022814 0.042796
0 0.428707 0.594864 0.028517 0.042796
0 0.486692 0.563481 0.019011 0.037090
0 0.382129 0.560628 0.019011 0.037090
0 0.403042 0.556348 0.015209 0.034237
