0 0.773333 0.946250 0.165926 0.090833
0 0.476296 0.957500 0.170370 0.076667
0 0.477037 0.872917 0.157037 0.075833
0 0.691852 0.815417 0.121481 0.052500
0 0.494074 0.810417 0.111111 0.047500
0 0.498519 0.756250 0.084444 0.035833
0 0.619259 0.723333 0.077037 0.041667
0 0.500741 0.733750 0.077037 0.022500
0 0.509630 0.709167 0.062222 0.033333
0 0.577037 0.691667 0.060741 0.030000
0 0.184444 0.831667 0.137778 0.046667
0 0.042963 0.802500 0.068148 0.056667
0 0.106667 0.763750 0.077037 0.037500
0 0.275556 0.760417 0.091852 0.037500
0 0.182222 0.738333 0.094815 0.040000
0 0.311852 0.738333 0.078519 0.035000
0 0.251111 0.731250 0.051852 0.029167
0 0.234815 0.707917 0.057778 0.019167
0 0.353333 0.709167 0.066667 0.026667
0 0.384444 0.683750 0.040000 0.017500
0 0.269630 0.697500 0.050370 0.028333
0 0.295556 0.682917 0.045926 0.027500
