0 0.870924 0.915902 0.173913 0.082569
0 0.257473 0.926606 0.129076 0.076453
0 0.567255 0.801606 0.088315 0.052752
0 0.713995 0.804281 0.093750 0.041284
0 0.450408 0.793196 0.093750 0.052752
0 0.359375 0.769113 0.080163 0.047401
0 0.650136 0.761468 0.074728 0.047401
0 0.533967 0.748089 0.062500 0.031346
0 0.433424 0.734709 0.048913 0.033639
0 0.594429 0.728211 0.058424 0.031346
0 0.644022 0.716743 0.054348 0.025229
0 0.509511 0.714832 0.043478 0.018349
0 0.556386 0.702982 0.042120 0.019113
0 0.605299 0.701453 0.036685 0.020642
0 0.438859 0.708716 0.046196 0.015291
0 0.365489 0.712156 0.035326 0.016055
0 0.385190 0.696865 0.047554 0.012997
0 0.057745 0.842125 0.104620 0.055810
0 0.203804 0.753058 0.048913 0.033639
0 0.163723 0.732798 0.042120 0.026758
0 0.284647 0.702217 0.033967 0.017584
0 0.219429 0.705275 0.031250 0.022171
0 0.091712 0.708716 0.055707 0.021407
