0 0.575556 0.811667 0.057778 0.048333
0 0.636296 0.646250 0.037037 0.020833
0 0.585926 0.621250 0.034074 0.020833
0 0.533333 0.628750 0.032593 0.024167
0 0.535556 0.579583 0.025185 0.017500
0 0.537037 0.551250 0.031111 0.017500
0 0.567407 0.544167 0.026667 0.016667
0 0.453333 0.727917 0.050370 0.042500
0 0.402963 0.671250 0.047407 0.027500
0 0.445185 0.590833 0.034074 0.026667
0 0.470370 0.575833 0.031111 0.020000
0 0.421481 0.567083 0.025185 0.015833
0 0.460000 0.542500 0.025185 0.015000
0 0.460000 0.505833 0.028148 0.015000
0 0.885185 0.830417 0.078519 0.050833
0 0.698519 0.628333 0.040000 0.018333
