0 0.327778 0.905426 0.083333 0.068576
0 0.471528 0.819894 0.051389 0.048229
0 0.463194 0.728711 0.051389 0.034665
0 0.515278 0.715901 0.050000 0.036172
0 0.506944 0.660512 0.044444 0.026375
0 0.561111 0.640919 0.030556 0.024868
0 0.561111 0.970610 0.069444 0.054258
0 0.659722 0.964205 0.075000 0.050490
0 0.754167 0.918990 0.069444 0.056518
0 0.659028 0.889601 0.087500 0.047476
0 0.729861 0.847023 0.062500 0.037679
0 0.645833 0.830068 0.063889 0.042954
0 0.570833 0.831952 0.055556 0.048229
0 0.645833 0.795780 0.044444 0.034665
0 0.711806 0.791635 0.045833 0.035418
0 0.647222 0.762999 0.047222 0.024868
0 0.709028 0.743783 0.048611 0.022607
0 0.641667 0.733233 0.044444 0.024115
0 0.584722 0.732479 0.050000 0.027129
0 0.644444 0.708742 0.041667 0.027882
0 0.589583 0.700075 0.045833 0.022607
0 0.683333 0.690279 0.038889 0.019593
0 0.635417 0.689525 0.031944 0.018086
0 0.686111 0.669555 0.030556 0.023361
0 0.648611 0.660136 0.033333 0.015072
0 0.613889 0.646948 0.030556 0.017332
