0 0.291440 0.842929 0.169837 0.142424
0 0.228261 0.780303 0.054348 0.073737
0 0.122962 0.777273 0.052989 0.081818
0 0.209239 0.739899 0.035326 0.075758
0 0.162364 0.724747 0.042120 0.079798
0 0.639946 0.875253 0.043478 0.095960
0 0.764946 0.938889 0.054348 0.112121
0 0.879076 0.890909 0.048913 0.109091
0 0.796875 0.825758 0.042120 0.087879
0 0.712636 0.828283 0.055707 0.086869
0 0.662364 0.851515 0.042120 0.082828
0 0.788723 0.740909 0.050272 0.063636
0 0.726902 0.782828 0.038043 0.084848
0 0.701766 0.730303 0.039402 0.066667
0 0.658288 0.720707 0.036685 0.071717
0 0.766304 0.716162 0.032609 0.068687
0 0.593750 0.823737 0.043478 0.073737
0 0.601902 0.767677 0.062500 0.074747
0 0.704484 0.653535 0.028533 0.062626
0 0.745245 0.641414 0.039402 0.052525
0 0.595788 0.595455 0.080163 0.075758
0 0.322690 0.641919 0.025815 0.049495
0 0.432065 0.593939 0.067935 0.056566
0 0.461957 0.530303 0.062500 0.068687
