0 0.404891 0.832314 0.217391 0.247706
0 0.935462 0.841488 0.129076 0.174312
0 0.664402 0.754332 0.105978 0.177370
0 0.736413 0.628440 0.084239 0.119266
0 0.831522 0.573394 0.065217 0.094801
0 0.618886 0.598879 0.052989 0.102956
0 0.642663 0.506116 0.092391 0.080530
0 0.519022 0.526504 0.046196 0.064220
0 0.467391 0.482161 0.040761 0.050968
0 0.418478 0.491335 0.046196 0.055046
0 0.384511 0.394495 0.100543 0.099898
0 0.760190 0.498981 0.031250 0.045872
0 0.740489 0.472477 0.032609 0.039755
0 0.833560 0.490316 0.110054 0.075433
0 0.911685 0.476555 0.059783 0.058104
0 0.785326 0.405708 0.076087 0.044852
0 0.726902 0.450561 0.024457 0.036697
0 0.688179 0.452090 0.020380 0.039755
0 0.641984 0.437309 0.020380 0.042813
0 0.586277 0.422528 0.058424 0.043833
0 0.731658 0.379715 0.058424 0.033639
0 0.742527 0.352701 0.058424 0.048930
0 0.540082 0.352192 0.044837 0.031600
0 0.540761 0.388889 0.027174 0.041794
