0 0.412245 0.867347 0.136054 0.175510
0 0.850340 0.921429 0.149660 0.157143
0 0.751701 0.834694 0.115646 0.122449
0 0.865306 0.714286 0.108844 0.151020
0 0.697279 0.717347 0.107483 0.140816
0 0.669388 0.651020 0.073469 0.097959
0 0.791156 0.560204 0.074830 0.148980
0 0.543537 0.570408 0.115646 0.279592
0 0.451020 0.582653 0.074830 0.116327
0 0.676871 0.552041 0.063946 0.095918
0 0.753061 0.501020 0.047619 0.067347
0 0.608163 0.531633 0.040816 0.067347
0 0.727891 0.495918 0.038095 0.069388
0 0.253741 0.565306 0.091156 0.126531
0 0.051701 0.644898 0.078912 0.085714
0 0.124490 0.557143 0.102041 0.159184
0 0.374150 0.450000 0.054422 0.055102
0 0.565306 0.412245 0.042177 0.048980
0 0.775510 0.370408 0.046259 0.046939
0 0.835374 0.343878 0.035374 0.042857
0 0.902721 0.344898 0.034014 0.040816
