0 0.766667 0.777391 0.161905 0.177391
0 0.729252 0.613043 0.089796 0.088696
0 0.591156 0.620000 0.088435 0.106087
0 0.409524 0.573913 0.078912 0.076522
0 0.337415 0.460870 0.043537 0.038261
0 0.386395 0.446087 0.035374 0.043478
0 0.422449 0.429565 0.031293 0.020870
0 0.403401 0.417391 0.028571 0.031304
0 0.352381 0.422609 0.027211 0.027826
0 0.317687 0.424348 0.034014 0.038261
0 0.170748 0.686957 0.099320 0.107826
0 0.018367 0.713043 0.031293 0.069565
0 0.034014 0.640870 0.065306 0.074783
0 0.040816 0.535652 0.057143 0.062609
0 0.163946 0.514783 0.053061 0.041739
0 0.108844 0.479130 0.054422 0.064348
0 0.202041 0.473913 0.036735 0.050435
0 0.684354 0.432174 0.046259 0.046957
0 0.864626 0.444348 0.058503 0.057391
0 0.772789 0.420870 0.046259 0.041739
0 0.723129 0.409565 0.036735 0.036522
0 0.670068 0.401739 0.047619 0.041739
0 0.587075 0.410435 0.042177 0.031304
0 0.538095 0.405217 0.031293 0.038261
