0 0.622222 0.715234 0.236111 0.183594
0 0.895833 0.665625 0.208333 0.143750
0 0.322222 0.628125 0.211111 0.128125
0 0.734722 0.501953 0.108333 0.063281
0 0.582639 0.499219 0.106944 0.057813
0 0.443056 0.473828 0.102778 0.089844
0 0.581250 0.451562 0.070833 0.045312
0 0.686111 0.446484 0.077778 0.046094
0 0.576389 0.412891 0.058333 0.030469
0 0.654167 0.409766 0.050000 0.032031
0 0.515972 0.402734 0.051389 0.033594
0 0.213194 0.453125 0.120833 0.050000
0 0.293056 0.416406 0.069444 0.034375
0 0.252778 0.401562 0.050000 0.025000
0 0.398611 0.387109 0.047222 0.030469
0 0.298611 0.377734 0.052778 0.025781
0 0.213889 0.389844 0.063889 0.018750
0 0.137500 0.389453 0.072222 0.021094
