0 0.717007 0.778571 0.206803 0.210204
0 0.729932 0.611224 0.167347 0.193878
0 0.406122 0.564286 0.140136 0.169388
0 0.511565 0.439796 0.152381 0.197959
0 0.401361 0.364286 0.095238 0.116327
0 0.266667 0.435714 0.125170 0.153061
0 0.221769 0.380612 0.084354 0.095918
0 0.167347 0.347959 0.089796 0.124490
0 0.124490 0.254082 0.082993 0.091837
0 0.327211 0.314286 0.093878 0.126531
0 0.282993 0.261224 0.078912 0.085714
0 0.267347 0.224490 0.066667 0.077551
0 0.208163 0.161224 0.070748 0.130612
0 0.932653 0.406122 0.123810 0.126531
