0 0.763587 0.713778 0.116848 0.062222
0 0.877038 0.664889 0.093750 0.062222
0 0.897418 0.538667 0.085598 0.058667
0 0.739130 0.582667 0.084239 0.056000
0 0.718750 0.514667 0.076087 0.055111
0 0.786005 0.482222 0.061141 0.047111
0 0.830163 0.417333 0.054348 0.034667
0 0.759511 0.392444 0.057065 0.027556
0 0.692255 0.415556 0.063859 0.043556
0 0.698370 0.354667 0.054348 0.037333
0 0.753397 0.326667 0.036685 0.020444
0 0.713315 0.316889 0.040761 0.020444
0 0.173234 0.888889 0.112772 0.108444
0 0.387228 0.711111 0.076087 0.060444
0 0.044158 0.722667 0.085598 0.069333
0 0.301630 0.634222 0.076087 0.043556
0 0.375000 0.486222 0.062500 0.037333
0 0.282609 0.499556 0.051630 0.039111
0 0.460598 0.447111 0.054348 0.032000
0 0.414402 0.395111 0.048913 0.029333
0 0.500000 0.333778 0.040761 0.025778
0 0.442255 0.336889 0.042120 0.019556
0 0.389266 0.339111 0.033967 0.024000
0 0.358696 0.318667 0.032609 0.024000
0 0.504076 0.302222 0.029891 0.026667
0 0.471467 0.273778 0.043478 0.023111
0 0.523098 0.260000 0.035326 0.022222
0 0.424592 0.277333 0.031250 0.026667
0 0.391984 0.272889 0.031250 0.024889
0 0.437500 0.258667 0.024457 0.019556
0 0.526495 0.235111 0.031250 0.022222
0 0.498641 0.221333 0.038043 0.010667
0 0.533967 0.204889 0.029891 0.016889
0 0.504755 0.196444 0.017663 0.017778
0 0.665082 0.256000 0.039402 0.023111
0 0.728940 0.224444 0.031250 0.024000
0 0.684783 0.227111 0.019022 0.013333
0 0.684103 0.211556 0.023098 0.012444
