0 0.711277 0.820719 0.302989 0.205657
0 0.181386 0.879205 0.319293 0.203364
0 0.322690 0.691896 0.221467 0.119266
0 0.189538 0.578364 0.186141 0.086391
0 0.053668 0.685015 0.104620 0.137615
0 0.971467 0.729358 0.057065 0.129969
0 0.923234 0.633792 0.153533 0.093272
0 0.689538 0.626147 0.191576 0.123853
0 0.398098 0.597477 0.171196 0.081804
0 0.463995 0.541284 0.153533 0.081040
0 0.668478 0.551606 0.154891 0.086391
0 0.931386 0.566896 0.137228 0.074159
0 0.896739 0.508028 0.138587 0.060398
0 0.711957 0.520260 0.108696 0.064985
0 0.711957 0.482416 0.116848 0.056575
0 0.847826 0.462920 0.086957 0.051223
0 0.516984 0.507263 0.112772 0.061927
0 0.322011 0.488532 0.108696 0.055046
0 0.374321 0.469037 0.077446 0.054281
0 0.430027 0.448012 0.093750 0.056575
0 0.548234 0.457569 0.091033 0.049694
0 0.700408 0.455275 0.096467 0.045107
