0 0.790082 0.828804 0.091033 0.132246
0 0.896739 0.826087 0.089674 0.114130
0 0.751359 0.773098 0.070652 0.089674
0 0.883832 0.691576 0.050272 0.089674
0 0.753397 0.629982 0.180707 0.196558
0 0.580163 0.709692 0.141304 0.111413
0 0.603261 0.844656 0.203804 0.136775
0 0.323370 0.798913 0.187500 0.143116
0 0.151495 0.926178 0.273098 0.147645
0 0.109375 0.768569 0.177989 0.118659
0 0.237772 0.688859 0.154891 0.102355
0 0.409647 0.702899 0.142663 0.108696
0 0.063179 0.669837 0.112772 0.098732
0 0.118207 0.682971 0.051630 0.063406
0 0.501359 0.668025 0.040761 0.076993
0 0.297554 0.624547 0.122283 0.076993
0 0.358696 0.642663 0.040761 0.062500
0 0.155571 0.613225 0.142663 0.083333
0 0.462636 0.620924 0.126359 0.069746
