0 0.813179 0.917572 0.188859 0.148551
0 0.913043 0.846920 0.065217 0.106884
0 0.911005 0.793478 0.077446 0.068841
0 0.866848 0.774457 0.070652 0.081522
0 0.740489 0.814764 0.171196 0.109601
0 0.760870 0.770380 0.133152 0.078804
0 0.702446 0.729620 0.100543 0.076993
0 0.764946 0.695652 0.073370 0.076087
0 0.660326 0.697464 0.100543 0.067029
0 0.536685 0.707880 0.084239 0.057065
0 0.526495 0.755435 0.112772 0.086957
0 0.548234 0.802536 0.131793 0.092391
0 0.513587 0.869112 0.165761 0.116848
0 0.176630 0.958786 0.220109 0.082428
0 0.243207 0.873641 0.144022 0.111413
0 0.329484 0.785779 0.172554 0.102355
0 0.389266 0.738225 0.101902 0.074275
0 0.240489 0.704257 0.119565 0.111413
0 0.180707 0.742301 0.116848 0.086051
0 0.138587 0.782156 0.144022 0.102355
0 0.088315 0.829257 0.146739 0.087862
0 0.322011 0.698370 0.048913 0.061594
