0 0.453804 0.917124 0.157609 0.143798
0 0.207201 0.899561 0.145380 0.113063
0 0.291440 0.838090 0.104620 0.128430
0 0.522418 0.760154 0.104620 0.093304
0 0.188859 0.817234 0.051630 0.073546
0 0.220788 0.775521 0.055707 0.075741
0 0.706522 0.819429 0.133152 0.117453
0 0.638587 0.754665 0.054348 0.071350
0 0.603940 0.729967 0.047554 0.065862
0 0.568614 0.674533 0.036685 0.060373
0 0.484375 0.673985 0.039402 0.057080
0 0.383152 0.739297 0.097826 0.084523
0 0.427989 0.633919 0.046196 0.053787
0 0.499321 0.617453 0.093750 0.062569
0 0.600543 0.609221 0.086957 0.074643
0 0.546875 0.514270 0.058424 0.040615
0 0.437500 0.508233 0.057065 0.046103
0 0.491168 0.558727 0.036685 0.050494
0 0.432065 0.555982 0.040761 0.055982
0 0.491848 0.508782 0.032609 0.051592
0 0.398098 0.486279 0.029891 0.037322
0 0.586957 0.457739 0.057065 0.052689
0 0.461277 0.444566 0.058424 0.050494
0 0.898098 0.876509 0.149457 0.113063
