0 0.381793 0.662138 0.173913 0.262681
0 0.646739 0.635870 0.160326 0.242754
0 0.609375 0.465580 0.107337 0.170290
0 0.348505 0.371377 0.099185 0.184783
0 0.103261 0.479167 0.160326 0.255435
0 0.180707 0.311594 0.125000 0.188406
0 0.227582 0.231884 0.088315 0.148551
0 0.378397 0.247283 0.115489 0.132246
0 0.562500 0.285326 0.103261 0.172101
0 0.561821 0.179348 0.061141 0.105072
0 0.408288 0.189312 0.077446 0.121377
0 0.281929 0.100543 0.082880 0.114130
0 0.367527 0.058877 0.063859 0.099638
0 0.422554 0.049819 0.057065 0.077899
0 0.484375 0.109601 0.058424 0.099638
0 0.801630 0.465580 0.108696 0.170290
0 0.766304 0.361413 0.097826 0.128623
0 0.729620 0.269928 0.067935 0.101449
0 0.892663 0.421196 0.097826 0.139493
0 0.951766 0.538043 0.096467 0.130435
0 0.847826 0.319746 0.076087 0.117754
0 0.946332 0.346014 0.077446 0.112319
0 0.925951 0.300725 0.055707 0.076087
0 0.905571 0.240942 0.055707 0.072464
0 0.626359 0.099638 0.062500 0.065217
0 0.574728 0.069746 0.046196 0.067029
