0 0.624321 0.520833 0.224185 0.284420
0 0.463315 0.675725 0.307065 0.264493
0 0.316576 0.552536 0.209239 0.239130
0 0.078125 0.446558 0.153533 0.715580
0 0.165082 0.298913 0.145380 0.217391
0 0.413723 0.317029 0.169837 0.181159
0 0.278533 0.205616 0.135870 0.168478
0 0.888587 0.402174 0.201087 0.206522
0 0.682745 0.271739 0.153533 0.134058
0 0.915082 0.178442 0.118207 0.139493
0 0.763587 0.182065 0.146739 0.128623
0 0.584918 0.151268 0.156250 0.172101
0 0.200408 0.071558 0.091033 0.088768
0 0.076087 0.143116 0.092391 0.123188
