0 0.631793 0.945918 0.114130 0.108163
0 0.803668 0.861224 0.104620 0.183673
0 0.743207 0.705102 0.092391 0.157143
0 0.688179 0.596939 0.085598 0.124490
0 0.648777 0.494898 0.066576 0.116327
0 0.612092 0.805102 0.099185 0.157143
0 0.584239 0.657143 0.095109 0.134694
0 0.466712 0.935714 0.110054 0.116327
0 0.324049 0.806122 0.104620 0.191837
0 0.480299 0.716327 0.085598 0.171429
0 0.365489 0.648980 0.078804 0.130612
0 0.412364 0.567347 0.031250 0.089796
0 0.471467 0.596939 0.070652 0.108163
0 0.569293 0.559184 0.081522 0.110204
0 0.474864 0.523469 0.072011 0.091837
0 0.536685 0.470408 0.065217 0.091837
0 0.585598 0.389796 0.059783 0.077551
0 0.344429 0.529592 0.077446 0.095918
0 0.282609 0.587755 0.067935 0.114286
0 0.298913 0.438776 0.070652 0.085714
0 0.415082 0.471429 0.077446 0.081633
0 0.516984 0.419388 0.058424 0.091837
0 0.449049 0.433673 0.061141 0.075510
0 0.367527 0.415306 0.055707 0.079592
0 0.213315 0.311224 0.116848 0.197959
