0 0.840214 0.809694 0.319572 0.198980
0 0.370795 0.868367 0.405199 0.228571
0 0.418960 0.710714 0.287462 0.147959
0 0.782875 0.577041 0.293578 0.196939
0 0.716361 0.417857 0.212538 0.098980
0 0.451070 0.513265 0.241590 0.146939
0 0.152905 0.638776 0.253823 0.132653
0 0.179664 0.536735 0.221713 0.112245
0 0.211009 0.479082 0.177370 0.084694
0 0.237768 0.402551 0.148318 0.094898
0 0.444190 0.431633 0.175841 0.085714
0 0.681957 0.354082 0.155963 0.089796
0 0.811162 0.271429 0.166667 0.079592
0 0.757645 0.222449 0.148318 0.075510
0 0.453364 0.355102 0.181957 0.079592
0 0.253823 0.345918 0.149847 0.081633
0 0.106269 0.354082 0.114679 0.077551
0 0.106269 0.305612 0.108563 0.056122
