0 0.540136 0.909639 0.168707 0.180723
0 0.578231 0.761044 0.152381 0.224900
0 0.682313 0.619478 0.137415 0.170683
0 0.736735 0.490964 0.107483 0.146586
0 0.778231 0.405622 0.089796 0.120482
0 0.782993 0.336345 0.091156 0.114458
0 0.290476 0.842369 0.186395 0.246988
0 0.406803 0.693775 0.141497 0.162651
0 0.441497 0.601406 0.115646 0.162651
0 0.522449 0.562249 0.106122 0.152610
0 0.559184 0.469880 0.103401 0.176707
0 0.596599 0.409639 0.066667 0.116466
0 0.629932 0.351406 0.078912 0.124498
0 0.089796 0.726908 0.163265 0.196787
0 0.189796 0.651606 0.121088 0.150602
0 0.259864 0.578313 0.111565 0.152610
0 0.317007 0.508032 0.117007 0.132530
0 0.391156 0.426707 0.107483 0.102410
0 0.457823 0.364458 0.091156 0.098394
0 0.503401 0.329317 0.073469 0.096386
0 0.923129 0.608434 0.129252 0.148594
0 0.857823 0.687751 0.123810 0.114458
0 0.878912 0.764056 0.146939 0.122490
0 0.895238 0.863454 0.136054 0.112450
0 0.869388 0.952811 0.171429 0.094378
0 0.922449 0.511044 0.097959 0.122490
0 0.907483 0.451807 0.078912 0.112450
0 0.933333 0.395582 0.070748 0.100402
0 0.952381 0.350402 0.070748 0.094378
0 0.933333 0.279116 0.070748 0.112450
