0 0.576562 0.929167 0.090625 0.136111
0 0.710938 0.856944 0.065625 0.130556
0 0.588281 0.781944 0.064062 0.130556
0 0.694531 0.727778 0.057813 0.100000
0 0.656250 0.700000 0.050000 0.077778
0 0.674219 0.638889 0.045312 0.072222
0 0.658594 0.579167 0.054688 0.097222
0 0.583594 0.637500 0.026562 0.075000
0 0.584375 0.577778 0.053125 0.072222
0 0.568750 0.538889 0.040625 0.066667
0 0.502344 0.583333 0.045312 0.072222
0 0.491406 0.477778 0.039062 0.055556
0 0.571875 0.470833 0.040625 0.069444
0 0.350781 0.583333 0.039062 0.088889
0 0.375000 0.522222 0.046875 0.066667
0 0.267969 0.765278 0.039062 0.102778
0 0.182031 0.752778 0.085938 0.138889
0 0.050000 0.920833 0.084375 0.125000
0 0.261719 0.605556 0.060937 0.066667
0 0.316406 0.509722 0.042188 0.058333
0 0.255469 0.511111 0.045312 0.072222
0 0.510938 0.425000 0.028125 0.055556
0 0.361719 0.404167 0.026562 0.052778
