0 0.567935 0.772358 0.062500 0.089431
0 0.644022 0.715447 0.084239 0.089431
0 0.483016 0.775407 0.069293 0.083333
0 0.502717 0.713415 0.054348 0.069106
0 0.533288 0.592480 0.055707 0.119919
0 0.602582 0.591463 0.061141 0.126016
0 0.472147 0.604675 0.036685 0.058943
0 0.415082 0.614837 0.033967 0.050813
0 0.327446 0.829268 0.084239 0.077236
0 0.103261 0.808943 0.084239 0.097561
0 0.031250 0.666667 0.051630 0.065041
0 0.269701 0.703252 0.074728 0.085366
0 0.237772 0.602642 0.043478 0.054878
0 0.104620 0.591463 0.038043 0.040650
0 0.184103 0.554878 0.066576 0.134146
0 0.320652 0.584350 0.032609 0.042683
0 0.288723 0.570122 0.028533 0.038618
