0 0.490489 0.699275 0.154891 0.268116
0 0.696332 0.655797 0.150815 0.306763
0 0.870245 0.811594 0.259511 0.376812
0 0.196332 0.856280 0.183424 0.287440
0 0.736413 0.526570 0.138587 0.241546
0 0.663723 0.440821 0.101902 0.176329
0 0.428668 0.416667 0.107337 0.176329
0 0.269701 0.434783 0.172554 0.429952
0 0.120245 0.324879 0.153533 0.359903
0 0.425951 0.288647 0.093750 0.171498
0 0.515625 0.266908 0.085598 0.161836
0 0.553668 0.188406 0.077446 0.159420
0 0.385190 0.189614 0.066576 0.094203
0 0.233016 0.230676 0.069293 0.099034
0 0.281250 0.208937 0.054348 0.079710
0 0.959918 0.227053 0.080163 0.130435
0 0.885190 0.141304 0.077446 0.094203
0 0.770380 0.085749 0.059783 0.084541
0 0.695652 0.111111 0.067935 0.111111
0 0.713995 0.062802 0.044837 0.072464
0 0.807065 0.062802 0.054348 0.086957
