0 0.636549 0.853783 0.243207 0.292434
0 0.885870 0.516360 0.192935 0.235174
0 0.574728 0.540900 0.201087 0.276074
0 0.173913 0.705521 0.250000 0.249489
0 0.231658 0.472393 0.183424 0.212679
0 0.902174 0.306748 0.154891 0.192229
0 0.582880 0.263804 0.133152 0.179959
0 0.809103 0.190184 0.129076 0.130879
0 0.363451 0.280164 0.148098 0.163599
0 0.385190 0.195297 0.126359 0.137014
0 0.188179 0.192229 0.139946 0.163599
0 0.752717 0.103272 0.108696 0.141104
0 0.556386 0.067485 0.112772 0.122699
0 0.305707 0.083845 0.103261 0.130879
