0 0.356658 0.890761 0.161685 0.107609
0 0.690217 0.911413 0.203804 0.127174
0 0.088315 0.903261 0.157609 0.102174
0 0.090353 0.849457 0.158967 0.094565
0 0.423913 0.848370 0.157609 0.094565
0 0.664402 0.786413 0.133152 0.077174
0 0.425272 0.754348 0.141304 0.080435
0 0.180707 0.761957 0.135870 0.069565
0 0.915082 0.839130 0.153533 0.097826
0 0.916440 0.770652 0.134511 0.078261
0 0.864130 0.723370 0.138587 0.081522
0 0.822690 0.687500 0.104620 0.064130
0 0.781929 0.650000 0.107337 0.069565
0 0.628397 0.707065 0.120924 0.068478
0 0.614810 0.661413 0.115489 0.066304
0 0.590353 0.639674 0.096467 0.064130
0 0.440217 0.651630 0.173913 0.181522
0 0.229620 0.675000 0.108696 0.067391
0 0.052310 0.637500 0.099185 0.064130
0 0.888587 0.606522 0.095109 0.067391
0 0.815897 0.581522 0.080163 0.047826
0 0.663723 0.576087 0.091033 0.067391
0 0.362772 0.542935 0.100543 0.098913
0 0.947690 0.652717 0.088315 0.064130
0 0.751359 0.546739 0.081522 0.054348
0 0.233696 0.636413 0.095109 0.070652
