0 0.818478 0.822476 0.106522 0.140065
0 0.811957 0.688925 0.093478 0.107492
0 0.550000 0.754072 0.100000 0.127036
0 0.366304 0.744300 0.110870 0.127036
0 0.576087 0.669381 0.082609 0.094463
0 0.686957 0.625407 0.034783 0.097720
0 0.544565 0.589577 0.067391 0.084691
0 0.400000 0.537459 0.060870 0.078176
0 0.507609 0.516287 0.054348 0.061889
0 0.485870 0.438111 0.076087 0.146580
0 0.406522 0.473941 0.047826 0.055375
0 0.169565 0.517915 0.060870 0.071661
0 0.202174 0.493485 0.043478 0.061889
0 0.219565 0.397394 0.034783 0.045603
0 0.160870 0.433225 0.047826 0.052117
0 0.077174 0.438111 0.045652 0.061889
0 0.102174 0.397394 0.034783 0.045603
0 0.155435 0.376221 0.041304 0.048860
