0 0.515625 0.814312 0.161685 0.197464
0 0.701087 0.811594 0.040761 0.036232
0 0.655571 0.780797 0.028533 0.028986
0 0.435462 0.826993 0.047554 0.045290
0 0.399457 0.824275 0.035326 0.043478
0 0.351223 0.809783 0.050272 0.047101
0 0.281929 0.826993 0.047554 0.038043
0 0.211957 0.836051 0.065217 0.045290
0 0.191576 0.809783 0.043478 0.043478
0 0.281250 0.799819 0.038043 0.030797
0 0.300272 0.789855 0.024457 0.032609
0 0.334239 0.788949 0.021739 0.027174
0 0.385870 0.790761 0.035326 0.038043
0 0.435462 0.785326 0.023098 0.027174
0 0.454484 0.780797 0.017663 0.021739
