0 0.425272 0.779817 0.296196 0.171254
0 0.400136 0.905581 0.430707 0.176606
0 0.760190 0.696483 0.210598 0.142202
0 0.918478 0.680810 0.163043 0.139908
0 0.889946 0.578746 0.163043 0.070336
0 0.646739 0.598242 0.171196 0.095566
0 0.634511 0.537080 0.122283 0.052752
0 0.591033 0.501147 0.108696 0.058869
0 0.423913 0.524847 0.105978 0.058869
0 0.508152 0.499618 0.081522 0.049694
0 0.256114 0.535550 0.120924 0.058869
0 0.082201 0.662080 0.148098 0.105505
0 0.142663 0.516820 0.092391 0.068807
0 0.341712 0.504205 0.077446 0.060398
0 0.485054 0.466743 0.076087 0.052752
0 0.859375 0.495031 0.077446 0.052752
0 0.809103 0.484709 0.047554 0.053517
0 0.766304 0.482034 0.076087 0.058869
