0 0.674484 0.833125 0.046904 0.046250
0 0.641651 0.956875 0.078799 0.066250
0 0.642589 0.638750 0.054409 0.047500
0 0.624765 0.540000 0.041276 0.042500
0 0.360225 0.979375 0.052533 0.041250
0 0.314259 0.940000 0.058161 0.045000
0 0.337711 0.829375 0.048780 0.033750
0 0.400563 0.729375 0.039400 0.033750
0 0.338649 0.761250 0.039400 0.040000
0 0.287992 0.663125 0.043152 0.028750
0 0.416510 0.506875 0.033771 0.021250
0 0.618199 0.406250 0.035647 0.025000
0 0.550657 0.452500 0.035647 0.017500
0 0.547842 0.433125 0.033771 0.026250
0 0.522514 0.410625 0.031895 0.023750
0 0.522514 0.389375 0.039400 0.021250
