0 0.683099 0.966406 0.079812 0.051562
0 0.585681 0.903906 0.100939 0.054688
0 0.746479 0.859375 0.065728 0.046875
0 0.615023 0.789062 0.070423 0.043750
0 0.579812 0.739062 0.056338 0.040625
0 0.645540 0.686719 0.089202 0.048438
0 0.370892 0.612500 0.065728 0.050000
0 0.276995 0.743750 0.065728 0.053125
0 0.465962 0.338281 0.039906 0.029687
0 0.612676 0.339062 0.046948 0.025000
0 0.634977 0.311719 0.035211 0.023438
0 0.602113 0.289062 0.035211 0.025000
0 0.578638 0.221094 0.035211 0.023438
0 0.473005 0.267188 0.039906 0.028125
0 0.424883 0.292969 0.051643 0.023438
0 0.434272 0.267188 0.042254 0.031250
0 0.434272 0.229687 0.032864 0.025000
0 0.393192 0.258594 0.035211 0.026562
0 0.407277 0.213281 0.025822 0.026562
