0 0.597778 0.796667 0.140741 0.086667
0 0.541481 0.963750 0.205926 0.072500
0 0.888148 0.912917 0.164444 0.094167
0 0.814074 0.828333 0.128889 0.083333
0 0.770370 0.776250 0.121481 0.062500
0 0.628148 0.708333 0.082963 0.035000
0 0.717778 0.687500 0.069630 0.038333
0 0.600000 0.674583 0.059259 0.032500
0 0.697778 0.661667 0.053333 0.031667
0 0.684444 0.642500 0.041481 0.021667
0 0.604444 0.651250 0.062222 0.027500
0 0.488148 0.672083 0.063704 0.034167
0 0.385926 0.678333 0.078519 0.031667
0 0.534074 0.654167 0.057778 0.036667
