0 0.519531 0.891406 0.148438 0.142187
0 0.854688 0.843750 0.106250 0.121875
0 0.413281 0.783594 0.120313 0.082812
0 0.589063 0.638281 0.071875 0.048438
0 0.925781 0.709375 0.089063 0.078125
0 0.852344 0.650781 0.060937 0.048438
0 0.835938 0.613281 0.043750 0.048438
0 0.796094 0.590625 0.020313 0.021875
0 0.850000 0.568750 0.037500 0.034375
0 0.843750 0.553906 0.031250 0.029687
0 0.810156 0.544531 0.023438 0.023438
0 0.789062 0.532813 0.021875 0.018750
0 0.662500 0.575781 0.028125 0.026562
0 0.578906 0.575781 0.032813 0.026562
0 0.442188 0.600000 0.059375 0.034375
0 0.380469 0.600000 0.060937 0.040625
0 0.349219 0.670312 0.089063 0.053125
0 0.089844 0.722656 0.139063 0.079687
0 0.172656 0.610938 0.070312 0.043750
0 0.510156 0.567187 0.051562 0.025000
0 0.619531 0.558594 0.035937 0.026562
0 0.579688 0.550000 0.034375 0.021875
