0 0.498641 0.864052 0.168478 0.118050
0 0.614130 0.687357 0.078804 0.052551
0 0.472147 0.701447 0.080163 0.054836
0 0.583560 0.632140 0.055707 0.041127
0 0.633832 0.615765 0.042120 0.032749
0 0.563179 0.599010 0.042120 0.032749
0 0.605299 0.589490 0.028533 0.016756
0 0.503397 0.594440 0.036685 0.026657
0 0.356658 0.651561 0.069293 0.038842
0 0.127717 0.659177 0.103261 0.040366
0 0.042120 0.636329 0.067935 0.034273
0 0.381114 0.593679 0.036685 0.022087
0 0.336277 0.578065 0.050272 0.035034
0 0.298234 0.583397 0.028533 0.018279
0 0.429348 0.586062 0.027174 0.017517
