0 0.560748 0.828431 0.238318 0.160131
0 0.213785 0.830882 0.226636 0.158497
0 0.221963 0.687908 0.154206 0.094771
0 0.424065 0.630719 0.142523 0.088235
0 0.206776 0.619281 0.142523 0.091503
0 0.119159 0.520425 0.088785 0.057190
0 0.292056 0.462418 0.060748 0.042484
0 0.151869 0.475490 0.093458 0.039216
0 0.170561 0.460784 0.056075 0.045752
0 0.213785 0.439542 0.063084 0.052288
0 0.068925 0.441176 0.067757 0.042484
0 0.296729 0.425654 0.056075 0.037582
0 0.385514 0.409314 0.042056 0.027778
0 0.317757 0.414216 0.037383 0.031046
0 0.265187 0.404412 0.035047 0.024510
0 0.643692 0.432190 0.044393 0.031046
0 0.689252 0.426471 0.056075 0.039216
0 0.594626 0.424020 0.053738 0.034314
0 0.633178 0.396242 0.046729 0.034314
0 0.511682 0.388889 0.046729 0.026144
0 0.559579 0.389706 0.039720 0.034314
0 0.606308 0.387255 0.030374 0.026144
