0 0.560417 0.788281 0.326389 0.150000
0 0.468750 0.656250 0.218056 0.090625
0 0.212500 0.641797 0.222222 0.078906
0 0.797917 0.582031 0.143056 0.070312
0 0.527083 0.511328 0.170833 0.067969
0 0.729167 0.441797 0.086111 0.042969
0 0.779167 0.417187 0.077778 0.035937
0 0.891667 0.405469 0.066667 0.034375
0 0.961806 0.438672 0.059722 0.032031
0 0.200000 0.524609 0.152778 0.052344
0 0.576389 0.396094 0.072222 0.034375
0 0.656944 0.397656 0.066667 0.031250
0 0.749306 0.371875 0.051389 0.025000
0 0.679167 0.370312 0.052778 0.023438
0 0.718056 0.349219 0.044444 0.020313
0 0.809028 0.353516 0.045833 0.024219
0 0.036111 0.496484 0.069444 0.053906
0 0.865972 0.380859 0.051389 0.030469
