0 0.397418 0.833560 0.099185 0.153533
0 0.836957 0.975543 0.111413 0.048913
0 0.584918 0.578125 0.061141 0.069293
0 0.601223 0.508832 0.052989 0.042120
0 0.607337 0.462636 0.046196 0.031250
0 0.554348 0.446332 0.029891 0.023098
0 0.467391 0.540761 0.046196 0.046196
0 0.467391 0.485054 0.043478 0.043478
0 0.413043 0.502038 0.040761 0.042120
0 0.520380 0.452446 0.027174 0.029891
0 0.593750 0.408288 0.035326 0.036685
0 0.358696 0.447011 0.021739 0.021739
0 0.389946 0.425951 0.027174 0.031250
0 0.366848 0.397418 0.016304 0.020380
0 0.432065 0.405571 0.024457 0.023098
0 0.427989 0.389946 0.021739 0.019022
0 0.537364 0.401495 0.020380 0.023098
0 0.513587 0.398777 0.019022 0.023098
0 0.486413 0.394022 0.013587 0.013587
