0 0.489630 0.646250 0.188148 0.097500
0 0.174074 0.885417 0.327407 0.229167
0 0.249630 0.684583 0.223704 0.127500
0 0.362222 0.597500 0.140741 0.076667
0 0.433333 0.540000 0.111111 0.061667
0 0.578519 0.534583 0.090370 0.057500
0 0.828889 0.562500 0.220741 0.258333
0 0.609630 0.483333 0.096296 0.046667
0 0.511111 0.493333 0.100741 0.053333
0 0.625926 0.457917 0.069630 0.037500
0 0.525185 0.460417 0.060741 0.032500
0 0.248148 0.559167 0.152593 0.066667
0 0.385185 0.496667 0.100741 0.043333
0 0.406667 0.467917 0.066667 0.030833
0 0.491111 0.431667 0.072593 0.035000
0 0.053333 0.552500 0.100741 0.056667
0 0.140741 0.500417 0.109630 0.057500
0 0.282222 0.448750 0.075556 0.047500
0 0.035556 0.463750 0.056296 0.034167
0 0.106667 0.443333 0.074074 0.035000
