0 0.639266 0.753823 0.145380 0.127421
0 0.911005 0.795107 0.177989 0.156983
0 0.406250 0.810907 0.184783 0.155963
0 0.465353 0.624363 0.142663 0.164118
0 0.637908 0.607543 0.077446 0.063201
0 0.809103 0.671764 0.134511 0.091743
0 0.764266 0.602446 0.096467 0.059123
0 0.720788 0.559123 0.082880 0.049949
0 0.619565 0.537207 0.059783 0.053007
0 0.529891 0.550459 0.065217 0.040775
0 0.545516 0.524975 0.052989 0.036697
0 0.701087 0.525994 0.046196 0.038736
0 0.835598 0.497961 0.057065 0.031600
0 0.911685 0.503058 0.067935 0.039755
0 0.973505 0.531091 0.052989 0.042813
0 0.839674 0.468909 0.078804 0.050968
0 0.783288 0.471967 0.033967 0.024465
0 0.769022 0.459225 0.029891 0.021407
0 0.171196 0.533639 0.095109 0.041794
0 0.109375 0.509684 0.077446 0.044852
0 0.266304 0.505097 0.070652 0.029562
0 0.228940 0.498981 0.044837 0.031600
0 0.215353 0.491335 0.039402 0.024465
