0 0.705163 0.832187 0.119565 0.066514
0 0.510190 0.854358 0.194293 0.084862
0 0.739810 0.709098 0.069293 0.048165
0 0.826766 0.699159 0.063859 0.034404
0 0.805027 0.645642 0.033967 0.016055
0 0.747283 0.648318 0.038043 0.021407
0 0.798913 0.633028 0.038043 0.015291
0 0.864810 0.631881 0.039402 0.016055
0 0.060462 0.790902 0.110054 0.057339
0 0.186141 0.721713 0.103261 0.039755
0 0.284647 0.721713 0.088315 0.036697
0 0.064538 0.736239 0.118207 0.039755
0 0.118886 0.682722 0.232337 0.048930
0 0.311821 0.696865 0.066576 0.023700
0 0.418478 0.694572 0.065217 0.029817
0 0.353261 0.680810 0.065217 0.026758
0 0.322690 0.664373 0.052989 0.021407
0 0.472826 0.664373 0.051630 0.025994
0 0.425951 0.650994 0.033967 0.020642
0 0.533967 0.643349 0.043478 0.022171
0 0.968750 0.672018 0.062500 0.041284
