0 0.737092 0.944572 0.232337 0.110856
0 0.463995 0.931193 0.153533 0.126911
0 0.282609 0.884557 0.168478 0.097859
0 0.293478 0.805428 0.122283 0.072630
0 0.466712 0.807339 0.126359 0.073394
0 0.578804 0.768349 0.103261 0.056575
0 0.652853 0.825306 0.148098 0.089450
0 0.756114 0.777141 0.131793 0.071101
0 0.847826 0.850153 0.192935 0.093272
0 0.955163 0.814602 0.089674 0.083333
0 0.735054 0.694572 0.086957 0.049694
0 0.603261 0.686162 0.078804 0.049694
0 0.536685 0.725917 0.198370 0.045107
0 0.301630 0.728976 0.217391 0.040520
0 0.358016 0.709098 0.169837 0.037462
0 0.368207 0.678899 0.065217 0.033639
0 0.508152 0.666284 0.081522 0.037462
0 0.438859 0.647171 0.057065 0.029817
0 0.379076 0.645642 0.048913 0.035933
0 0.635190 0.643731 0.063859 0.025994
0 0.837636 0.677370 0.137228 0.068807
0 0.960598 0.723242 0.078804 0.097859
0 0.507473 0.625765 0.039402 0.019113
