0 0.901495 0.852192 0.188859 0.077472
0 0.395380 0.937309 0.127717 0.125382
0 0.618207 0.972477 0.043478 0.048930
0 0.642663 0.901631 0.051630 0.076453
0 0.435462 0.777778 0.096467 0.065240
0 0.359375 0.783894 0.028533 0.042813
0 0.221467 0.836901 0.084239 0.069317
0 0.093071 0.882773 0.183424 0.061162
0 0.063859 0.846585 0.125000 0.035678
0 0.084239 0.824669 0.043478 0.053007
0 0.258152 0.798675 0.086957 0.051988
0 0.291440 0.754842 0.074728 0.074414
0 0.527174 0.690622 0.048913 0.037717
0 0.548913 0.698777 0.024457 0.029562
0 0.593750 0.693170 0.051630 0.026504
0 0.745924 0.718145 0.057065 0.047910
0 0.467391 0.692661 0.043478 0.029562
0 0.487092 0.668705 0.036685 0.024465
0 0.593071 0.648828 0.031250 0.033639
0 0.542799 0.643221 0.036685 0.028542
0 0.493886 0.643221 0.031250 0.020387
0 0.401495 0.673293 0.017663 0.037717
0 0.434783 0.658512 0.010870 0.022426
0 0.416440 0.653925 0.020380 0.023445
