0 0.489130 0.944954 0.127717 0.097859
0 0.619565 0.854230 0.092391 0.075433
0 0.481658 0.856779 0.093750 0.068298
0 0.567935 0.795617 0.062500 0.039755
0 0.569973 0.763507 0.055707 0.040775
0 0.548913 0.720183 0.035326 0.023445
0 0.156250 0.823140 0.097826 0.045872
0 0.220109 0.799694 0.073370 0.039755
0 0.341033 0.761978 0.048913 0.031600
0 0.061141 0.819572 0.097826 0.042813
0 0.039402 0.925076 0.076087 0.082569
0 0.269022 0.766565 0.024457 0.048930
0 0.228940 0.761978 0.055707 0.031600
0 0.154891 0.779817 0.076087 0.040775
0 0.309103 0.748216 0.039402 0.030581
0 0.690217 0.757900 0.051630 0.027523
