0 0.593750 0.892966 0.119565 0.114169
0 0.752038 0.831295 0.210598 0.192661
0 0.449049 0.879715 0.115489 0.110092
0 0.234375 0.939857 0.156250 0.120285
0 0.280571 0.767584 0.085598 0.059123
0 0.330163 0.727829 0.067935 0.040775
0 0.351223 0.783384 0.093750 0.102956
0 0.561821 0.795107 0.077446 0.057085
0 0.473505 0.748726 0.058424 0.051988
0 0.563179 0.737513 0.061141 0.047910
0 0.629755 0.729358 0.050272 0.035678
0 0.612772 0.695719 0.040761 0.029562
0 0.548913 0.704893 0.048913 0.033639
0 0.487092 0.701835 0.052989 0.047910
0 0.426630 0.697757 0.040761 0.031600
0 0.367527 0.700815 0.052989 0.029562
0 0.386549 0.678389 0.033967 0.023445
0 0.441576 0.677880 0.029891 0.022426
