0 0.889946 0.902905 0.220109 0.183486
0 0.246603 0.953364 0.482337 0.093272
0 0.199728 0.868884 0.168478 0.107798
0 0.302989 0.780199 0.111413 0.072630
0 0.141984 0.767202 0.123641 0.058869
0 0.271739 0.722859 0.108696 0.045107
0 0.588315 0.703364 0.111413 0.041284
0 0.811141 0.726682 0.097826 0.055810
0 0.936141 0.738150 0.127717 0.058869
0 0.578804 0.646024 0.065217 0.036697
0 0.667120 0.638761 0.067935 0.034404
0 0.480978 0.629969 0.070652 0.032110
0 0.320652 0.691514 0.073370 0.034404
0 0.384511 0.659021 0.059783 0.036697
