0 0.830163 0.644495 0.201087 0.111621
0 0.579484 0.591743 0.131793 0.085627
0 0.252038 0.668196 0.099185 0.087156
0 0.126359 0.777523 0.114130 0.099388
0 0.252717 0.577982 0.078804 0.068807
0 0.432745 0.504969 0.101902 0.055810
0 0.570652 0.503440 0.108696 0.054281
0 0.663723 0.479740 0.101902 0.061927
0 0.629076 0.441514 0.057065 0.034404
0 0.552989 0.454511 0.067935 0.032875
0 0.455842 0.462920 0.066576 0.040520
0 0.459239 0.434251 0.048913 0.025994
0 0.330842 0.493884 0.047554 0.039755
0 0.276495 0.467890 0.044837 0.027523
0 0.396060 0.436927 0.025815 0.023700
0 0.360054 0.432339 0.024457 0.025229
0 0.466033 0.412462 0.029891 0.022171
0 0.531929 0.414373 0.044837 0.025994
0 0.590353 0.412844 0.042120 0.024465
