0 0.931250 0.839844 0.137500 0.096875
0 0.716667 0.782813 0.138889 0.078125
0 0.536111 0.764844 0.113889 0.078125
0 0.671528 0.703516 0.084722 0.058594
0 0.756944 0.665625 0.063889 0.046875
0 0.723611 0.622266 0.055556 0.024219
0 0.659722 0.648438 0.061111 0.029687
0 0.565278 0.661328 0.063889 0.032031
0 0.331944 0.798828 0.158333 0.064844
0 0.124306 0.811328 0.184722 0.080469
0 0.289583 0.717578 0.112500 0.041406
0 0.354167 0.678125 0.066667 0.034375
0 0.418056 0.643750 0.061111 0.023438
0 0.502083 0.635938 0.056944 0.026562
0 0.456250 0.620313 0.037500 0.020313
0 0.223611 0.657813 0.077778 0.034375
0 0.293056 0.639844 0.069444 0.029687
0 0.188889 0.646875 0.055556 0.031250
0 0.054167 0.689063 0.097222 0.034375
0 0.024306 0.723828 0.045833 0.058594
0 0.139583 0.617578 0.112500 0.042969
0 0.604167 0.624219 0.063889 0.015625
