0 0.591712 0.852701 0.134511 0.204893
0 0.805027 0.831295 0.063859 0.119266
0 0.296875 0.811417 0.074728 0.110092
0 0.351902 0.802752 0.048913 0.074414
0 0.445652 0.787462 0.046196 0.060143
0 0.213315 0.806830 0.067935 0.088685
0 0.099864 0.807849 0.069293 0.082569
0 0.035326 0.824669 0.065217 0.122324
0 0.529891 0.818552 0.154891 0.101937
0 0.397418 0.787462 0.085598 0.072375
0 0.658288 0.793068 0.069293 0.063201
0 0.690897 0.796636 0.036685 0.051988
0 0.735734 0.790520 0.033967 0.051988
0 0.766304 0.792559 0.027174 0.045872
