0 0.570652 0.805707 0.168478 0.301630
0 0.358016 0.792799 0.172554 0.297554
0 0.109375 0.827446 0.139946 0.293478
0 0.029212 0.884511 0.055707 0.230978
0 0.179348 0.694293 0.116848 0.252717
0 0.226223 0.618207 0.093750 0.217391
0 0.131793 0.527174 0.119565 0.220109
0 0.158967 0.408288 0.103261 0.169837
0 0.264266 0.386549 0.093750 0.169837
0 0.614130 0.658288 0.119565 0.188859
0 0.419158 0.627717 0.150815 0.187500
0 0.419837 0.524457 0.092391 0.125000
0 0.598505 0.551630 0.110054 0.141304
0 0.615489 0.467391 0.108696 0.171196
0 0.459239 0.449049 0.108696 0.177989
0 0.492527 0.372962 0.107337 0.150815
0 0.656929 0.394701 0.093750 0.156250
0 0.871603 0.482337 0.120924 0.220109
0 0.943614 0.373641 0.093750 0.192935
0 0.921196 0.267663 0.070652 0.160326
0 0.951766 0.184103 0.061141 0.123641
0 0.796196 0.200408 0.059783 0.139946
0 0.843750 0.139266 0.073370 0.142663
0 0.423234 0.222147 0.085598 0.139946
0 0.308424 0.276495 0.171196 0.150815
0 0.396060 0.126359 0.145380 0.157609
0 0.650136 0.097147 0.150815 0.139946
0 0.567255 0.060462 0.126359 0.112772
0 0.493886 0.101223 0.055707 0.126359
