0 0.751563 0.704698 0.228125 0.487696
0 0.367969 0.920582 0.176563 0.158837
0 0.275781 0.957494 0.176563 0.085011
0 0.067187 0.893736 0.115625 0.212528
0 0.145313 0.765101 0.153125 0.214765
0 0.353906 0.823266 0.179688 0.192394
0 0.392188 0.722595 0.153125 0.170022
0 0.183594 0.663311 0.135937 0.172260
0 0.235937 0.593960 0.118750 0.167785
0 0.426563 0.631991 0.128125 0.185682
0 0.617969 0.639821 0.082812 0.170022
0 0.460156 0.525727 0.110937 0.174497
0 0.295312 0.536913 0.100000 0.147651
0 0.339844 0.487696 0.079687 0.111857
0 0.509375 0.486577 0.090625 0.136465
0 0.621094 0.529083 0.070312 0.105145
0 0.636719 0.249441 0.082812 0.105145
0 0.395313 0.329978 0.090625 0.105145
0 0.392188 0.411633 0.068750 0.116331
0 0.332813 0.426174 0.106250 0.114094
