0 0.752347 0.852344 0.063380 0.045312
0 0.679577 0.963281 0.082160 0.051562
0 0.591549 0.901563 0.075117 0.050000
0 0.616197 0.785156 0.072770 0.045312
0 0.580986 0.735938 0.077465 0.056250
0 0.640845 0.685156 0.089202 0.048438
0 0.366197 0.613281 0.075117 0.054688
0 0.278169 0.746875 0.063380 0.059375
0 0.458920 0.333594 0.058685 0.032813
0 0.610329 0.339844 0.051643 0.029687
0 0.631455 0.313281 0.032864 0.029687
0 0.599765 0.285156 0.030516 0.023438
0 0.582160 0.219531 0.037559 0.026562
0 0.426056 0.295312 0.035211 0.025000
0 0.474178 0.266406 0.032864 0.029687
0 0.430751 0.267188 0.035211 0.025000
0 0.437793 0.234375 0.039906 0.031250
0 0.387324 0.259375 0.032864 0.021875
0 0.409624 0.217188 0.044601 0.025000
