0 0.443614 0.816576 0.047554 0.048007
0 0.395380 0.820199 0.048913 0.048007
0 0.537364 0.749547 0.042120 0.035326
0 0.665082 0.836504 0.074728 0.035326
0 0.584918 0.727355 0.047554 0.038043
0 0.547554 0.690670 0.046196 0.033514
0 0.533967 0.639946 0.038043 0.031703
0 0.591712 0.605978 0.039402 0.034420
0 0.582201 0.551630 0.039402 0.030797
0 0.481658 0.510417 0.028533 0.022645
0 0.448370 0.517210 0.024457 0.025362
0 0.427989 0.524457 0.027174 0.021739
0 0.463315 0.475996 0.021739 0.020833
0 0.448370 0.453351 0.024457 0.017210
0 0.469429 0.431159 0.025815 0.016304
0 0.451087 0.429348 0.021739 0.010870
