0 0.193614 0.803053 0.047554 0.029008
0 0.221467 0.777099 0.084239 0.047328
0 0.277174 0.763740 0.043478 0.032824
0 0.567935 0.777099 0.051630 0.032061
0 0.847147 0.901145 0.072011 0.035878
0 0.575408 0.631679 0.050272 0.019084
0 0.635190 0.619847 0.044837 0.025954
0 0.573370 0.591221 0.048913 0.029771
0 0.691576 0.561832 0.057065 0.053435
0 0.614810 0.546565 0.042120 0.024427
0 0.733696 0.513359 0.057065 0.049618
0 0.681386 0.514504 0.036685 0.018321
0 0.570652 0.442748 0.040761 0.021374
0 0.538043 0.429008 0.043478 0.018321
0 0.576766 0.369084 0.052989 0.032824
0 0.895380 0.348092 0.032609 0.032061
0 0.944293 0.340458 0.029891 0.027481
0 0.885870 0.315649 0.032609 0.012977
0 0.949728 0.266412 0.024457 0.016794
0 0.978940 0.298855 0.033967 0.023664
0 0.751359 0.260687 0.038043 0.023664
