0 0.835498 0.783333 0.077922 0.120513
0 0.707071 0.655128 0.069264 0.115385
0 0.898268 0.585897 0.056277 0.100000
0 0.793651 0.516667 0.049062 0.089744
0 0.737374 0.461538 0.040404 0.066667
0 0.860029 0.494872 0.046176 0.051282
0 0.916306 0.471795 0.043290 0.061538
0 0.839827 0.462821 0.037518 0.058974
0 0.152237 0.603846 0.062049 0.074359
0 0.042569 0.619231 0.062049 0.084615
0 0.313853 0.474359 0.038961 0.041026
0 0.164502 0.503846 0.040404 0.064103
0 0.414863 0.474359 0.030303 0.046154
0 0.858586 0.397436 0.046176 0.076923
