0 0.263587 0.961264 0.195652 0.077472
0 0.310462 0.626402 0.088315 0.049949
0 0.454484 0.589195 0.069293 0.042813
0 0.506793 0.537207 0.046196 0.034659
0 0.431386 0.537207 0.058424 0.036697
0 0.573370 0.513761 0.043478 0.026504
0 0.521060 0.514271 0.033967 0.025484
0 0.474185 0.513252 0.032609 0.031600
0 0.497283 0.497452 0.038043 0.028542
0 0.594429 0.488277 0.028533 0.024465
0 0.550272 0.485729 0.027174 0.023445
0 0.050951 0.570336 0.080163 0.031600
0 0.016984 0.563710 0.031250 0.030581
0 0.212636 0.545872 0.063859 0.027523
0 0.226902 0.526504 0.054348 0.027523
0 0.339674 0.497452 0.040761 0.024465
0 0.416440 0.476045 0.036685 0.016310
0 0.447011 0.469419 0.027174 0.015291
