0 0.815897 0.748089 0.134511 0.071101
0 0.805707 0.913226 0.217391 0.103211
0 0.818614 0.573777 0.080163 0.038991
0 0.896739 0.551223 0.046196 0.030581
0 0.966712 0.553517 0.066576 0.056575
0 0.820652 0.546636 0.051630 0.024465
0 0.826766 0.527141 0.044837 0.022171
0 0.933424 0.517202 0.046196 0.023700
0 0.870924 0.506881 0.035326 0.018349
0 0.828804 0.509557 0.040761 0.019113
0 0.189538 0.922783 0.254076 0.143731
0 0.300272 0.836009 0.182065 0.100153
0 0.446332 0.768349 0.158967 0.074924
0 0.516304 0.697630 0.103261 0.052752
0 0.575408 0.669343 0.088315 0.043578
0 0.576087 0.649465 0.078804 0.040520
0 0.614130 0.628823 0.086957 0.043578
0 0.627717 0.610092 0.059783 0.033639
0 0.055027 0.866590 0.107337 0.097095
0 0.205163 0.775994 0.163043 0.076453
0 0.299592 0.735474 0.110054 0.062691
0 0.375000 0.695336 0.105978 0.063456
0 0.421196 0.663609 0.086957 0.036697
0 0.453804 0.644495 0.070652 0.041284
0 0.502038 0.620413 0.061141 0.038991
0 0.549592 0.602064 0.047554 0.023700
0 0.046196 0.761850 0.089674 0.057339
0 0.174592 0.709098 0.131793 0.063456
0 0.290082 0.666284 0.115489 0.049694
0 0.355978 0.641055 0.078804 0.042049
0 0.416440 0.616590 0.061141 0.035933
0 0.582880 0.563456 0.100543 0.062691
