0 0.630522 0.842667 0.341365 0.186667
0 0.614458 0.967333 0.518072 0.065333
0 0.099398 0.948000 0.194779 0.090667
0 0.184739 0.768667 0.301205 0.158667
0 0.284137 0.549333 0.214859 0.109333
0 0.536145 0.500667 0.176707 0.113333
0 0.527108 0.396667 0.146586 0.086667
0 0.734940 0.356000 0.124498 0.080000
0 0.357430 0.360667 0.132530 0.068000
0 0.946787 0.384667 0.106426 0.118667
0 0.167671 0.344667 0.214859 0.177333
0 0.129518 0.416667 0.166667 0.086667
0 0.071285 0.491333 0.130522 0.137333
0 0.062249 0.558667 0.120482 0.114667
0 0.044177 0.605333 0.084337 0.098667
0 0.366466 0.217333 0.066265 0.053333
0 0.863454 0.307333 0.096386 0.084000
0 0.802209 0.269333 0.094378 0.061333
