0 0.432065 0.630479 0.133152 0.062181
0 0.339674 0.777268 0.230978 0.104995
0 0.581522 0.711519 0.048913 0.067278
0 0.729620 0.831295 0.195652 0.176351
0 0.824049 0.718145 0.107337 0.094801
0 0.967391 0.743629 0.065217 0.164118
0 0.960598 0.654434 0.067935 0.065240
0 0.880435 0.622834 0.076087 0.065240
0 0.977582 0.607543 0.039402 0.040775
0 0.927989 0.580530 0.067935 0.041794
0 0.704484 0.605505 0.072011 0.038736
0 0.745245 0.611621 0.025815 0.040775
0 0.601902 0.608563 0.097826 0.050968
0 0.616168 0.570336 0.077446 0.035678
0 0.699049 0.571865 0.069293 0.034659
0 0.807065 0.560652 0.048913 0.038736
0 0.945652 0.546891 0.057065 0.041794
0 0.865489 0.534659 0.043478 0.033639
0 0.726902 0.541284 0.059783 0.024465
0 0.349864 0.565749 0.322011 0.093782
