0 0.538723 0.897936 0.286685 0.204128
0 0.123641 0.933486 0.244565 0.131498
0 0.252038 0.784021 0.229620 0.167431
0 0.343750 0.671636 0.149457 0.100153
0 0.593071 0.732798 0.177989 0.136850
0 0.565217 0.634557 0.116848 0.068807
0 0.387908 0.603211 0.126359 0.076453
0 0.059783 0.747706 0.108696 0.165138
0 0.117527 0.660933 0.191576 0.078746
0 0.208560 0.581804 0.180707 0.108563
0 0.330163 0.548165 0.081522 0.059633
0 0.455163 0.552752 0.084239 0.055046
0 0.576087 0.546254 0.073370 0.055810
0 0.057745 0.526758 0.104620 0.047401
0 0.272418 0.493119 0.061141 0.027523
0 0.242527 0.476682 0.061141 0.026758
