0 0.732337 0.860856 0.195652 0.123853
0 0.502717 0.870031 0.168478 0.111621
0 0.246603 0.865061 0.158967 0.100153
0 0.147418 0.834098 0.058424 0.067278
0 0.202446 0.957569 0.214674 0.084862
0 0.284647 0.775229 0.281250 0.064220
0 0.919837 0.973242 0.160326 0.053517
0 0.673913 0.768349 0.100543 0.071865
0 0.503397 0.747324 0.101902 0.066514
0 0.667120 0.714832 0.095109 0.053517
0 0.629076 0.676988 0.076087 0.052752
0 0.516984 0.673165 0.058424 0.045107
0 0.433424 0.649465 0.076087 0.038991
0 0.305707 0.628058 0.057065 0.034404
0 0.395380 0.612768 0.065217 0.028287
0 0.531250 0.639908 0.067935 0.032110
0 0.629755 0.643349 0.058424 0.026758
0 0.716712 0.625765 0.080163 0.029817
