0 0.875679 0.759511 0.188859 0.174819
0 0.800272 0.640399 0.133152 0.088768
0 0.468071 0.733696 0.150815 0.117754
0 0.612772 0.679348 0.114130 0.096014
0 0.539402 0.944293 0.228261 0.111413
0 0.234375 0.911685 0.311141 0.171196
0 0.095788 0.860507 0.188859 0.179348
0 0.328125 0.647192 0.129076 0.076993
0 0.510870 0.597826 0.103261 0.067029
0 0.188179 0.649909 0.172554 0.071558
0 0.046875 0.682518 0.091033 0.073370
0 0.629755 0.607337 0.104620 0.067935
0 0.639946 0.563859 0.073370 0.046196
0 0.652853 0.534873 0.069293 0.038949
0 0.483016 0.537591 0.077446 0.044384
0 0.550272 0.508152 0.059783 0.045290
0 0.367527 0.546649 0.091033 0.038949
0 0.294158 0.576993 0.145380 0.052536
0 0.202446 0.582428 0.111413 0.052536
0 0.351902 0.581069 0.046196 0.049819
0 0.428668 0.615942 0.039402 0.056159
0 0.721467 0.656703 0.046196 0.070652
0 0.961277 0.641757 0.066576 0.069746
0 0.761549 0.554348 0.085598 0.054348
0 0.760190 0.524909 0.055707 0.044384
0 0.752717 0.509511 0.062500 0.044384
0 0.737092 0.479620 0.050272 0.046196
