0 0.408967 0.711009 0.135870 0.094801
0 0.194973 0.694954 0.186141 0.123853
0 0.707201 0.784404 0.232337 0.171254
0 0.671875 0.930428 0.123641 0.136086
0 0.568614 0.844801 0.093750 0.122324
0 0.904212 0.958333 0.191576 0.083333
0 0.924592 0.796636 0.150815 0.148318
0 0.879755 0.690367 0.126359 0.077982
0 0.753397 0.659786 0.052989 0.055046
0 0.624321 0.589067 0.169837 0.120031
0 0.442935 0.568043 0.065217 0.045872
0 0.402174 0.521789 0.062500 0.026758
0 0.168478 0.611239 0.105978 0.057339
0 0.049592 0.706040 0.093750 0.089450
0 0.473505 0.512997 0.042120 0.018349
0 0.760870 0.594419 0.076087 0.046636
0 0.108016 0.573394 0.099185 0.044343
