0 0.640972 0.880242 0.209722 0.134328
0 0.394444 0.779318 0.194444 0.110163
0 0.899306 0.802061 0.201389 0.310590
0 0.637500 0.749112 0.166667 0.096660
0 0.640972 0.675551 0.109722 0.061834
0 0.432639 0.697584 0.176389 0.068941
0 0.489583 0.647477 0.087500 0.051173
0 0.238889 0.721393 0.172222 0.071073
0 0.099306 0.835110 0.195833 0.177683
0 0.191667 0.912580 0.297222 0.062544
0 0.085417 0.684790 0.168056 0.118692
0 0.202083 0.669154 0.104167 0.058991
0 0.311806 0.670220 0.131944 0.056859
0 0.639583 0.627932 0.073611 0.050462
0 0.807639 0.647122 0.090278 0.068941
