0 0.730978 0.936799 0.157609 0.126402
0 0.654891 0.852192 0.100543 0.093782
0 0.815897 0.796636 0.082880 0.066259
0 0.364810 0.892966 0.158967 0.116208
0 0.481658 0.888379 0.039402 0.076453
0 0.644701 0.759429 0.074728 0.057085
0 0.076766 0.907747 0.150815 0.143731
0 0.221467 0.816514 0.119565 0.055046
0 0.267663 0.770642 0.086957 0.036697
0 0.075408 0.801733 0.145380 0.054027
0 0.105299 0.757390 0.134511 0.040775
0 0.245245 0.747706 0.058424 0.035678
0 0.306386 0.725790 0.055707 0.026504
0 0.373641 0.723242 0.062500 0.029562
0 0.077446 0.964322 0.089674 0.071356
0 0.496603 0.734455 0.044837 0.047910
0 0.557745 0.714067 0.052989 0.035678
0 0.510870 0.699286 0.059783 0.030581
