0 0.187407 0.944167 0.253333 0.111667
0 0.235556 0.776667 0.272593 0.156667
0 0.482963 0.706250 0.216296 0.075833
0 0.620000 0.659167 0.161481 0.046667
0 0.261481 0.695417 0.235556 0.045833
0 0.391852 0.654583 0.155556 0.042500
0 0.548889 0.640417 0.131852 0.040833
0 0.877778 0.621250 0.105185 0.024167
0 0.410370 0.621667 0.130370 0.025000
0 0.539259 0.603333 0.088889 0.030000
0 0.140741 0.639167 0.278519 0.095000
0 0.648148 0.602500 0.105185 0.025000
0 0.725926 0.585000 0.071111 0.023333
0 0.645926 0.577917 0.074074 0.020833
