0 0.219259 0.909167 0.269630 0.123333
0 0.461481 0.886250 0.280000 0.124167
0 0.588889 0.774583 0.200000 0.074167
0 0.888889 0.741250 0.195556 0.059167
0 0.702963 0.724583 0.143704 0.070833
0 0.435556 0.699583 0.148148 0.062500
0 0.527407 0.672500 0.219259 0.081667
0 0.377778 0.656667 0.068148 0.041667
0 0.072593 0.677500 0.142222 0.103333
0 0.091852 0.960000 0.180741 0.076667
0 0.217778 0.958750 0.103704 0.080833
0 0.191111 0.651667 0.056296 0.046667
0 0.282222 0.625417 0.078519 0.040833
0 0.122222 0.613750 0.054815 0.024167
