0 0.634694 0.598160 0.227211 0.105828
0 0.924490 0.640337 0.151020 0.090491
0 0.402041 0.595092 0.129252 0.081288
0 0.093878 0.569018 0.122449 0.042945
0 0.044898 0.652607 0.087075 0.115031
0 0.369388 0.533742 0.088435 0.039877
0 0.493197 0.537960 0.085714 0.032975
0 0.677551 0.557899 0.141497 0.055982
0 0.584354 0.539110 0.053061 0.024540
0 0.554422 0.526840 0.044898 0.026074
0 0.453741 0.523006 0.042177 0.023006
0 0.278912 0.501150 0.097959 0.063650
0 0.185714 0.530291 0.115646 0.020706
0 0.080272 0.544095 0.087075 0.028374
0 0.055102 0.531442 0.088435 0.029141
