0 0.413723 0.669847 0.197011 0.312977
0 0.653533 0.726145 0.184783 0.314885
0 0.908967 0.611641 0.095109 0.116412
0 0.689538 0.476145 0.077446 0.108779
0 0.218071 0.683206 0.161685 0.316794
0 0.237772 0.481870 0.152174 0.200382
0 0.329484 0.492366 0.066576 0.083969
0 0.321332 0.318702 0.042120 0.057252
0 0.256793 0.329198 0.046196 0.062977
0 0.347147 0.250954 0.069293 0.097328
0 0.438179 0.226145 0.072011 0.104962
0 0.526495 0.220420 0.028533 0.036260
0 0.521739 0.361641 0.046196 0.062977
0 0.619565 0.419847 0.054348 0.064885
0 0.718750 0.380725 0.081522 0.150763
0 0.808424 0.434160 0.114130 0.158397
0 0.572690 0.313931 0.047554 0.055344
0 0.504076 0.331107 0.054348 0.062977
0 0.612772 0.257634 0.043478 0.072519
0 0.688859 0.239504 0.043478 0.062977
0 0.728940 0.213740 0.050272 0.076336
0 0.664402 0.232824 0.021739 0.041985
0 0.620924 0.200382 0.032609 0.026718
