0 0.211957 0.901087 0.125000 0.119565
0 0.386549 0.853261 0.099185 0.102174
0 0.772418 0.869565 0.115489 0.080435
0 0.672554 0.729348 0.059783 0.043478
0 0.452446 0.690217 0.043478 0.043478
0 0.942255 0.857065 0.042120 0.061957
0 0.788043 0.720652 0.029891 0.039130
0 0.766984 0.692935 0.014946 0.022826
0 0.728940 0.687500 0.017663 0.027174
0 0.095109 0.873370 0.029891 0.057609
0 0.040082 0.904891 0.036685 0.057609
0 0.157609 0.827174 0.024457 0.039130
0 0.211277 0.785870 0.028533 0.047826
0 0.248641 0.744565 0.032609 0.036957
