0 0.073469 0.853170 0.103401 0.086763
0 0.080272 0.790879 0.092517 0.048943
0 0.262585 0.786986 0.092517 0.074527
0 0.311565 0.701335 0.087075 0.098999
0 0.197959 0.711902 0.077551 0.057842
0 0.495238 0.903226 0.097959 0.082314
0 0.348299 0.910456 0.051701 0.083426
0 0.387755 0.939933 0.035374 0.071190
0 0.417687 0.957175 0.040816 0.054505
0 0.501361 0.968298 0.036735 0.043382
0 0.563265 0.951057 0.040816 0.071190
0 0.761905 0.909344 0.043537 0.090100
0 0.643537 0.926029 0.046259 0.085651
0 0.705442 0.830367 0.031293 0.081201
0 0.635374 0.834260 0.035374 0.066741
0 0.639456 0.785873 0.035374 0.043382
0 0.570068 0.827030 0.038095 0.072303
0 0.499320 0.848165 0.032653 0.038932
0 0.413605 0.772525 0.027211 0.063404
0 0.626531 0.735818 0.036735 0.047831
0 0.532653 0.741935 0.031293 0.051168
0 0.550340 0.725250 0.069388 0.044494
