0 0.592827 0.931083 0.063291 0.050633
0 0.469409 0.886076 0.052743 0.042194
0 0.559072 0.843882 0.054852 0.042194
0 0.591772 0.770042 0.048523 0.029536
0 0.651899 0.753868 0.033755 0.030942
0 0.637131 0.720816 0.033755 0.023910
0 0.691983 0.674402 0.025316 0.018284
0 0.652954 0.672996 0.031646 0.023910
0 0.696203 0.977496 0.071730 0.045007
0 0.780591 0.970464 0.059072 0.042194
0 0.868143 0.977496 0.056962 0.042194
0 0.774262 0.921941 0.059072 0.040788
0 0.858650 0.921941 0.054852 0.040788
0 0.693038 0.910689 0.065401 0.035162
0 0.696203 0.867089 0.054852 0.040788
0 0.834388 0.888186 0.044304 0.037975
0 0.767932 0.856540 0.050633 0.039381
0 0.832278 0.843882 0.061181 0.050633
0 0.761603 0.819269 0.046414 0.026723
0 0.701477 0.827707 0.056962 0.035162
0 0.700422 0.800985 0.033755 0.026723
0 0.761603 0.790436 0.046414 0.022504
0 0.822785 0.807314 0.046414 0.030942
0 0.823840 0.787623 0.035865 0.022504
0 0.761603 0.755274 0.033755 0.025316
