0 0.362963 0.933333 0.065185 0.091667
0 0.494074 0.958750 0.096296 0.079167
0 0.622222 0.917500 0.053333 0.083333
0 0.680000 0.865417 0.050370 0.074167
0 0.836296 0.896667 0.066667 0.071667
0 0.222222 0.895417 0.192593 0.099167
0 0.081481 0.829583 0.068148 0.050833
0 0.220000 0.823333 0.048889 0.053333
0 0.197778 0.795833 0.037037 0.043333
0 0.407407 0.787083 0.118519 0.072500
0 0.562222 0.845417 0.037037 0.049167
0 0.601481 0.813750 0.041481 0.052500
0 0.541481 0.809583 0.031111 0.045833
0 0.669630 0.778750 0.082963 0.044167
0 0.525185 0.765833 0.072593 0.048333
