0 0.881114 0.910779 0.237772 0.162138
0 0.570652 0.764040 0.149457 0.134964
0 0.536005 0.701540 0.096467 0.060688
0 0.602582 0.652174 0.082880 0.056159
0 0.459239 0.652627 0.100543 0.053442
0 0.688179 0.746377 0.047554 0.076087
0 0.756114 0.743659 0.050272 0.072464
0 0.468750 0.832880 0.067935 0.105978
0 0.381793 0.862772 0.065217 0.098732
0 0.267663 0.877717 0.057065 0.101449
0 0.116168 0.924366 0.074728 0.109601
0 0.185462 0.845109 0.058424 0.106884
0 0.323370 0.801178 0.057065 0.086051
0 0.273777 0.754076 0.061141 0.075181
0 0.415761 0.741848 0.046196 0.074275
0 0.356658 0.749094 0.044837 0.063406
0 0.909647 0.689764 0.169837 0.058877
0 0.739130 0.620018 0.095109 0.040761
0 0.886549 0.664855 0.177989 0.048913
0 0.904891 0.631793 0.163043 0.038949
0 0.453804 0.613678 0.076087 0.024457
0 0.364810 0.591486 0.088315 0.081522
