0 0.648098 0.792572 0.111413 0.110507
0 0.706522 0.607790 0.152174 0.123188
0 0.827446 0.581069 0.089674 0.075181
0 0.828125 0.495018 0.063859 0.051630
0 0.669837 0.476449 0.051630 0.056159
0 0.529891 0.438406 0.029891 0.039855
0 0.564538 0.414402 0.044837 0.038949
0 0.592391 0.382246 0.051630 0.048913
0 0.640625 0.369112 0.044837 0.037138
0 0.514946 0.370018 0.024457 0.029891
0 0.474864 0.355978 0.031250 0.034420
0 0.430027 0.365036 0.023098 0.030797
0 0.372962 0.384058 0.025815 0.038043
0 0.474864 0.321558 0.031250 0.036232
0 0.574049 0.322464 0.044837 0.032609
0 0.470109 0.294837 0.027174 0.017210
1 0.434783 0.616395 0.103261 0.048007
1 0.381793 0.745471 0.103261 0.036232
