0 0.692517 0.914778 0.051701 0.076156
0 0.764626 0.921578 0.051701 0.066183
0 0.587075 0.891659 0.055782 0.071623
0 0.763265 0.854488 0.048980 0.053490
0 0.706803 0.837262 0.042177 0.051677
0 0.647619 0.834995 0.048980 0.043518
0 0.581633 0.835902 0.042177 0.038078
0 0.574830 0.820943 0.031293 0.037171
0 0.761905 0.970082 0.068027 0.052584
0 0.966667 0.967362 0.061224 0.054397
0 0.887755 0.975975 0.055782 0.048051
0 0.853061 0.868540 0.054422 0.070716
0 0.374830 0.932910 0.140136 0.090662
0 0.402041 0.804170 0.140136 0.119674
0 0.300680 0.888486 0.038095 0.059837
0 0.210204 0.949683 0.055782 0.071623
0 0.127891 0.980054 0.065306 0.039891
0 0.148980 0.933817 0.042177 0.063463
0 0.185714 0.913418 0.023129 0.064370
0 0.220408 0.899365 0.048980 0.058024
0 0.083673 0.908432 0.115646 0.070716
0 0.185714 0.851315 0.072109 0.058024
