0 0.425272 0.712560 0.103261 0.251208
0 0.710598 0.886473 0.152174 0.227053
0 0.822011 0.650966 0.144022 0.219807
0 0.559103 0.490338 0.096467 0.260870
0 0.474185 0.411836 0.059783 0.108696
0 0.602582 0.317633 0.044837 0.079710
0 0.477582 0.324879 0.023098 0.055556
0 0.534647 0.306763 0.036685 0.062802
0 0.528533 0.253623 0.029891 0.043478
0 0.485734 0.245169 0.028533 0.045894
0 0.578804 0.159420 0.035326 0.067633
0 0.524457 0.216184 0.024457 0.036232
0 0.487772 0.200483 0.024457 0.043478
0 0.516304 0.181159 0.021739 0.033816
0 0.063179 0.352657 0.069293 0.062802
0 0.177310 0.293478 0.063859 0.060386
0 0.257473 0.264493 0.033967 0.041063
0 0.239130 0.248792 0.035326 0.038647
