0 0.499321 0.705842 0.229620 0.175272
0 0.825408 0.702446 0.240489 0.214674
0 0.675272 0.518342 0.160326 0.126359
0 0.678668 0.438859 0.134511 0.111413
0 0.441576 0.496603 0.176630 0.156250
0 0.137908 0.645380 0.188859 0.157609
0 0.290761 0.385870 0.168478 0.182065
0 0.534647 0.398777 0.134511 0.126359
0 0.455842 0.366168 0.101902 0.088315
0 0.345109 0.333560 0.086957 0.093750
0 0.495245 0.290082 0.093750 0.082880
0 0.622283 0.276495 0.086957 0.096467
0 0.649457 0.242527 0.067935 0.063859
0 0.646060 0.201087 0.077446 0.065217
0 0.592391 0.133832 0.076087 0.058424
0 0.514266 0.173913 0.093750 0.065217
0 0.389946 0.241848 0.100543 0.070652
0 0.394022 0.176630 0.078804 0.062500
0 0.503397 0.104620 0.058424 0.054348
0 0.587636 0.083560 0.066576 0.052989
