0 0.195494 0.851421 0.146802 0.235142
0 0.278343 0.742894 0.123547 0.219638
0 0.246366 0.653747 0.106105 0.170543
0 0.239826 0.559432 0.101744 0.152455
0 0.216570 0.493540 0.093023 0.144703
0 0.215116 0.413437 0.098837 0.129199
0 0.198401 0.282946 0.132267 0.266150
0 0.552326 0.905685 0.168605 0.188630
0 0.521076 0.819121 0.117733 0.186047
0 0.510901 0.722222 0.094477 0.136951
0 0.491279 0.660207 0.122093 0.121447
0 0.475291 0.573643 0.113372 0.170543
0 0.419331 0.479328 0.106105 0.136951
0 0.385174 0.419897 0.101744 0.162791
0 0.696948 0.474160 0.111919 0.167959
0 0.800145 0.635659 0.114826 0.175711
0 0.848110 0.679587 0.117733 0.191214
0 0.626453 0.425065 0.093023 0.142119
0 0.864099 0.484496 0.117733 0.131783
