0 0.838995 0.700000 0.245924 0.197826
0 0.480978 0.635870 0.225543 0.167391
0 0.769701 0.590761 0.197011 0.125000
0 0.516984 0.559239 0.186141 0.135870
0 0.722147 0.421739 0.254076 0.245652
0 0.618886 0.319022 0.131793 0.109783
0 0.460598 0.429891 0.154891 0.122826
0 0.449049 0.348370 0.101902 0.101087
0 0.157609 0.638043 0.209239 0.158696
0 0.203125 0.519022 0.197011 0.170652
0 0.248641 0.445109 0.125000 0.103261
0 0.261549 0.379348 0.145380 0.123913
0 0.295516 0.327717 0.088315 0.061957
0 0.302310 0.297283 0.063859 0.055435
0 0.449728 0.271196 0.105978 0.096739
0 0.519701 0.145652 0.061141 0.069565
