0 0.505442 0.681633 0.227211 0.261224
0 0.433333 0.556122 0.151020 0.222449
0 0.380272 0.353061 0.153741 0.269388
0 0.192517 0.292857 0.121088 0.202041
0 0.193878 0.083673 0.082993 0.118367
0 0.343537 0.228571 0.091156 0.110204
0 0.329252 0.163265 0.073469 0.114286
0 0.280952 0.118367 0.069388 0.114286
0 0.783673 0.517347 0.185034 0.234694
0 0.710204 0.361224 0.163265 0.220408
0 0.608163 0.272449 0.117007 0.153061
0 0.563946 0.157143 0.115646 0.171429
0 0.919048 0.367347 0.140136 0.200000
0 0.771429 0.230612 0.117007 0.167347
0 0.895918 0.202041 0.110204 0.138776
0 0.788435 0.109184 0.102041 0.136735
0 0.664626 0.142857 0.110204 0.151020
