0 0.160156 0.835681 0.182812 0.215962
0 0.066406 0.762911 0.101562 0.154930
0 0.228906 0.690141 0.123438 0.159624
0 0.092188 0.568075 0.071875 0.098592
0 0.300781 0.600939 0.098437 0.126761
0 0.110937 0.485915 0.053125 0.061033
0 0.817969 0.821596 0.364063 0.356808
0 0.619531 0.819249 0.235937 0.361502
0 0.454688 0.819249 0.181250 0.356808
0 0.371875 0.801643 0.084375 0.204225
0 0.326562 0.796948 0.084375 0.190141
0 0.507812 0.620892 0.100000 0.110329
0 0.415625 0.584507 0.093750 0.117371
0 0.355469 0.548122 0.057813 0.091549
0 0.257031 0.583333 0.060937 0.096244
0 0.218750 0.572770 0.056250 0.093897
0 0.273438 0.516432 0.056250 0.079812
0 0.023438 0.642019 0.043750 0.086854
