0 0.662364 0.745570 0.085598 0.144304
0 0.533288 0.906329 0.107337 0.172152
0 0.412364 0.886076 0.093750 0.172152
0 0.258152 0.881013 0.092391 0.177215
0 0.116848 0.915190 0.092391 0.154430
0 0.167120 0.739241 0.084239 0.141772
0 0.292799 0.779747 0.072011 0.106329
0 0.335598 0.663291 0.065217 0.111392
0 0.533967 0.640506 0.073370 0.116456
0 0.625000 0.572152 0.057065 0.101266
0 0.530571 0.569620 0.047554 0.086076
0 0.448370 0.556962 0.054348 0.075949
0 0.362092 0.563291 0.052989 0.083544
0 0.254076 0.603797 0.059783 0.098734
0 0.046196 0.640506 0.084239 0.126582
0 0.134511 0.550633 0.065217 0.093671
0 0.233016 0.437975 0.052989 0.081013
0 0.266304 0.405063 0.029891 0.060759
0 0.292799 0.369620 0.044837 0.045570
0 0.328804 0.425316 0.035326 0.060759
0 0.389266 0.432911 0.047554 0.096203
0 0.440217 0.462025 0.043478 0.083544
0 0.516984 0.487342 0.047554 0.078481
0 0.602582 0.484810 0.047554 0.068354
0 0.591712 0.417722 0.039402 0.045570
0 0.521739 0.407595 0.038043 0.055696
0 0.467391 0.374684 0.035326 0.055696
0 0.476223 0.335443 0.023098 0.032911
0 0.408967 0.360759 0.035326 0.053165
0 0.352582 0.381013 0.036685 0.058228
0 0.376359 0.330380 0.032609 0.048101
0 0.355978 0.288608 0.024457 0.035443
0 0.726902 0.416456 0.048913 0.083544
0 0.880435 0.541772 0.054348 0.081013
0 0.963315 0.541772 0.062500 0.096203
0 0.944973 0.449367 0.044837 0.073418
0 0.892663 0.405063 0.035326 0.060759
0 0.824049 0.374684 0.055707 0.101266
0 0.866168 0.368354 0.031250 0.058228
0 0.668478 0.281013 0.024457 0.045570
0 0.711277 0.287342 0.025815 0.048101
0 0.755435 0.296203 0.027174 0.045570
0 0.796196 0.291139 0.027174 0.050633
0 0.574728 0.358228 0.032609 0.053165
0 0.519701 0.368354 0.031250 0.058228
