0 0.247962 0.854740 0.237772 0.203364
0 0.591033 0.724388 0.163043 0.118502
0 0.597826 0.618884 0.111413 0.071101
0 0.437500 0.629969 0.119565 0.073394
0 0.264946 0.643349 0.122283 0.078746
0 0.207201 0.592125 0.088315 0.051223
0 0.120924 0.576070 0.089674 0.040520
0 0.205842 0.546636 0.077446 0.033639
0 0.353261 0.548165 0.076087 0.041284
0 0.460598 0.552752 0.076087 0.036697
0 0.565217 0.542049 0.084239 0.035168
0 0.799592 0.617737 0.131793 0.065749
0 0.725543 0.563456 0.100543 0.047401
0 0.913043 0.588303 0.119565 0.058869
0 0.830842 0.564985 0.093750 0.044343
0 0.482337 0.529434 0.059783 0.022171
0 0.416440 0.526758 0.061141 0.029052
0 0.335598 0.527905 0.065217 0.023700
0 0.271060 0.522936 0.061141 0.029052
