0 0.470109 0.813483 0.342391 0.373034
0 0.423913 0.600000 0.260870 0.310112
0 0.451087 0.470787 0.230978 0.285393
0 0.898777 0.592135 0.202446 0.388764
0 0.800951 0.407865 0.207880 0.316854
0 0.759511 0.256180 0.203804 0.278652
0 0.727582 0.095506 0.172554 0.186517
0 0.449049 0.276404 0.229620 0.242697
0 0.430707 0.178652 0.201087 0.208989
0 0.468750 0.106742 0.165761 0.208989
0 0.067935 0.697753 0.133152 0.465169
0 0.085598 0.485393 0.168478 0.435955
0 0.097147 0.367416 0.188859 0.361798
0 0.149457 0.256180 0.192935 0.319101
0 0.163723 0.144944 0.161685 0.195506
