0 0.351302 0.828906 0.076563 0.234375
0 0.150521 0.811719 0.066667 0.228125
0 0.263021 0.747266 0.047917 0.213281
0 0.115885 0.710156 0.049479 0.196875
0 0.173437 0.662500 0.051042 0.173437
0 0.067187 0.662500 0.050000 0.185938
0 0.075000 0.550391 0.041667 0.110156
0 0.142969 0.570703 0.034896 0.146094
0 0.097135 0.489844 0.036979 0.132812
0 0.244010 0.579688 0.041146 0.156250
0 0.612240 0.671875 0.044271 0.145313
0 0.361719 0.509375 0.033854 0.103125
0 0.257552 0.487109 0.035937 0.080469
0 0.233333 0.465625 0.031250 0.104688
0 0.232292 0.377734 0.037500 0.102344
0 0.335677 0.444922 0.029687 0.130469
0 0.438281 0.452344 0.030729 0.128125
0 0.410156 0.440625 0.029687 0.132812
0 0.390885 0.361719 0.028646 0.098437
0 0.486458 0.363281 0.034375 0.107813
0 0.589583 0.323437 0.021875 0.096875
0 0.765104 0.297656 0.028125 0.090625
0 0.707552 0.262109 0.026562 0.088281
0 0.533333 0.285547 0.017708 0.078906
0 0.554948 0.262891 0.021354 0.077344
0 0.604948 0.239844 0.020313 0.050000
0 0.519792 0.268750 0.012500 0.078125
0 0.385417 0.228516 0.018750 0.075781
0 0.496875 0.210547 0.013542 0.066406
0 0.575781 0.203906 0.013021 0.071875
0 0.650260 0.189844 0.019271 0.071875
0 0.683594 0.164062 0.013021 0.056250
0 0.534375 0.199219 0.011458 0.067187
0 0.540104 0.846094 0.193750 0.248438
0 0.397135 0.656250 0.165104 0.229687
0 0.814063 0.719531 0.170833 0.267188
0 0.547917 0.520312 0.122917 0.153125
0 0.810937 0.535156 0.121875 0.139063
0 0.758854 0.441406 0.102083 0.129688
0 0.830990 0.220703 0.084896 0.088281
0 0.726562 0.216016 0.056250 0.066406
0 0.732031 0.173437 0.056771 0.037500
0 0.798698 0.159766 0.038021 0.050781
0 0.755208 0.138281 0.039583 0.048438
0 0.807031 0.128125 0.028646 0.034375
0 0.592187 0.155469 0.053125 0.050000
0 0.657813 0.137891 0.037500 0.049219
0 0.037240 0.445703 0.071354 0.157031
0 0.489063 0.159766 0.056250 0.097656
1 0.928125 0.416016 0.051042 0.089844
