0 0.602604 0.930631 0.159375 0.124708
0 0.362760 0.966095 0.138021 0.067810
0 0.191667 0.968823 0.056250 0.062354
0 0.163281 0.832424 0.155729 0.319564
0 0.066667 0.875682 0.040625 0.192518
0 0.040625 0.749415 0.080208 0.402962
0 0.099479 0.694856 0.020833 0.069369
0 0.419792 0.899454 0.163542 0.183944
0 0.460677 0.756430 0.123438 0.208106
0 0.662500 0.902962 0.144792 0.178488
0 0.714323 0.655885 0.129688 0.175370
0 0.679427 0.547545 0.032813 0.111458
0 0.490365 0.703429 0.116146 0.156664
0 0.525781 0.583009 0.141146 0.243180
0 0.416406 0.580670 0.096354 0.157443
0 0.203646 0.568589 0.136458 0.286048
0 0.080729 0.653936 0.019792 0.074825
0 0.113281 0.545207 0.046354 0.144193
0 0.057813 0.493375 0.045833 0.098207
0 0.092188 0.462588 0.029167 0.094310
0 0.124479 0.383476 0.025000 0.104443
0 0.250000 0.462198 0.093750 0.113796
0 0.178385 0.401403 0.095312 0.084178
0 0.383854 0.454404 0.107292 0.152767
0 0.519531 0.454014 0.086979 0.130164
0 0.465885 0.439205 0.018229 0.100546
0 0.581771 0.424786 0.036458 0.112237
0 0.605208 0.410756 0.020833 0.113796
0 0.691146 0.411535 0.156250 0.307093
0 0.449740 0.384256 0.103646 0.124708
0 0.583333 0.329696 0.064583 0.120031
0 0.608333 0.336321 0.017708 0.055339
0 0.172135 0.340608 0.026562 0.046765
0 0.152865 0.330865 0.019271 0.064692
0 0.144271 0.307482 0.031250 0.063133
0 0.209635 0.331645 0.028646 0.064692
0 0.447656 0.314887 0.070312 0.067030
0 0.306771 0.334762 0.096875 0.127046
0 0.203646 0.299299 0.021875 0.051442
0 0.226562 0.277475 0.028125 0.071707
0 0.170052 0.239283 0.081771 0.091972
0 0.348438 0.246687 0.070833 0.113016
0 0.563281 0.270460 0.063021 0.081060
0 0.428125 0.272798 0.078125 0.109119
0 0.515104 0.215511 0.076042 0.097428
0 0.607812 0.167966 0.031250 0.100546
0 0.625781 0.122369 0.017188 0.098207
0 0.679427 0.146532 0.086979 0.132502
0 0.692708 0.058846 0.022917 0.055339
0 0.548698 0.165627 0.075521 0.095869
0 0.527865 0.116524 0.064062 0.089634
0 0.431510 0.134840 0.078646 0.127825
0 0.326302 0.150818 0.123438 0.234606
0 0.228125 0.140686 0.025000 0.092751
0 0.220312 0.095869 0.015625 0.024942
0 0.243490 0.089634 0.021354 0.060795
0 0.270833 0.050663 0.025000 0.063913
0 0.416146 0.049493 0.022917 0.055339
0 0.464323 0.085737 0.057813 0.091972
0 0.514583 0.050663 0.022917 0.060795
0 0.567448 0.079111 0.061979 0.077163
0 0.672396 0.040530 0.064583 0.079501
0 0.564844 0.026500 0.061979 0.048324
0 0.434115 0.031177 0.068229 0.051442
0 0.973177 0.613406 0.040104 0.159002
0 0.944010 0.305924 0.040104 0.123928
0 0.994010 0.238114 0.009896 0.130164
0 0.897135 0.143414 0.018229 0.093531
0 0.909115 0.102884 0.028646 0.081060
0 0.887760 0.023772 0.015104 0.044427
0 0.814583 0.026890 0.013542 0.044427
