0 0.432778 0.887037 0.070000 0.196296
0 0.305556 0.910185 0.082222 0.161111
0 0.194444 0.898148 0.057778 0.174074
0 0.147222 0.854630 0.041111 0.194444
0 0.137778 0.740741 0.035556 0.111111
0 0.075000 0.656481 0.052222 0.235185
0 0.015556 0.673148 0.028889 0.227778
0 0.123889 0.600926 0.038889 0.194444
0 0.311667 0.753704 0.036667 0.196296
0 0.427778 0.764815 0.051111 0.107407
0 0.633889 0.949074 0.052222 0.101852
0 0.824444 0.977778 0.035556 0.040741
0 0.703333 0.850000 0.222222 0.262963
0 0.866111 0.760185 0.067778 0.298148
0 0.971111 0.704630 0.046667 0.272222
0 0.730556 0.633333 0.054444 0.177778
0 0.571111 0.623148 0.062222 0.257407
0 0.569444 0.508333 0.047778 0.083333
0 0.458889 0.591667 0.046667 0.253704
0 0.352778 0.685185 0.058889 0.240741
0 0.247222 0.645370 0.041111 0.246296
0 0.307222 0.561111 0.034444 0.192593
0 0.393333 0.535185 0.040000 0.229630
0 0.418333 0.469444 0.036667 0.135185
0 0.349444 0.454630 0.043333 0.168519
0 0.278889 0.477778 0.033333 0.129630
0 0.203889 0.509259 0.041111 0.200000
0 0.104444 0.483333 0.035556 0.085185
0 0.108333 0.416667 0.023333 0.081481
0 0.086667 0.381481 0.033333 0.148148
0 0.029444 0.310185 0.032222 0.164815
0 0.036111 0.221296 0.034444 0.072222
0 0.117778 0.220370 0.035556 0.140741
0 0.158889 0.343519 0.020000 0.150000
0 0.197222 0.368519 0.027778 0.129630
0 0.230556 0.321296 0.016667 0.146296
0 0.271667 0.352778 0.032222 0.142593
0 0.330000 0.388889 0.026667 0.085185
0 0.332222 0.346296 0.033333 0.081481
0 0.321111 0.290741 0.031111 0.118519
0 0.413889 0.337037 0.025556 0.151852
0 0.482222 0.332407 0.022222 0.212963
0 0.422778 0.254630 0.043333 0.116667
0 0.180000 0.227778 0.020000 0.114815
0 0.209444 0.257407 0.023333 0.111111
0 0.267778 0.218519 0.026667 0.111111
0 0.296667 0.194444 0.022222 0.133333
0 0.325556 0.189815 0.022222 0.098148
0 0.368889 0.144444 0.020000 0.044444
0 0.403889 0.139815 0.016667 0.064815
0 0.229444 0.171296 0.030000 0.072222
0 0.188889 0.169444 0.024444 0.061111
0 0.190556 0.113889 0.027778 0.094444
0 0.111667 0.145370 0.016667 0.057407
0 0.137778 0.130556 0.020000 0.072222
0 0.122222 0.098148 0.022222 0.062963
0 0.078889 0.150000 0.035556 0.133333
0 0.192222 0.034259 0.033333 0.064815
0 0.241667 0.046296 0.027778 0.088889
0 0.277778 0.063889 0.024444 0.072222
0 0.295000 0.031481 0.021111 0.059259
0 0.351111 0.030556 0.022222 0.053704
0 0.383333 0.041667 0.015556 0.064815
0 0.420000 0.055556 0.020000 0.100000
0 0.459444 0.042593 0.010000 0.048148
0 0.460556 0.096296 0.007778 0.014815
0 0.503889 0.103704 0.016667 0.025926
0 0.526667 0.109259 0.026667 0.096296
0 0.582222 0.125000 0.028889 0.131481
0 0.810000 0.486111 0.040000 0.231481
0 0.790000 0.379630 0.026667 0.114815
0 0.964444 0.367593 0.031111 0.150000
0 0.950000 0.205556 0.037778 0.151852
0 0.986111 0.158333 0.025556 0.138889
0 0.752778 0.170370 0.043333 0.148148
0 0.848333 0.064815 0.023333 0.092593
0 0.980556 0.043519 0.030000 0.079630
0 0.920000 0.534259 0.137778 0.209259
0 0.622222 0.520370 0.140000 0.203704
0 0.646111 0.444444 0.156667 0.185185
0 0.606111 0.308333 0.127778 0.142593
0 0.483333 0.211111 0.104444 0.148148
0 0.382778 0.244444 0.090000 0.166667
0 0.305556 0.150926 0.080000 0.098148
0 0.322778 0.090741 0.087778 0.062963
0 0.470556 0.097222 0.078889 0.072222
0 0.654444 0.225926 0.093333 0.148148
0 0.666111 0.144444 0.085556 0.088889
0 0.886111 0.279630 0.112222 0.218519
0 0.844444 0.161111 0.086667 0.107407
0 0.887222 0.121296 0.076667 0.068519
0 0.707222 0.130556 0.083333 0.105556
0 0.742778 0.106481 0.087778 0.116667
0 0.935556 0.094444 0.082222 0.137037
0 0.728333 0.031481 0.078889 0.059259
0 0.521111 0.043519 0.088889 0.079630
