0 0.257843 0.871134 0.027451 0.107511
0 0.493137 0.927835 0.119608 0.144330
0 0.240196 0.977909 0.037255 0.041237
0 0.171569 0.932253 0.031373 0.117820
0 0.191667 0.865243 0.024510 0.051546
0 0.136765 0.836524 0.044118 0.103093
0 0.262255 0.794551 0.020588 0.045655
0 0.296569 0.796760 0.024510 0.082474
0 0.321569 0.792342 0.011765 0.047128
0 0.434804 0.816642 0.026471 0.098675
0 0.484804 0.797496 0.085294 0.107511
0 0.462745 0.693667 0.072549 0.097202
0 0.359804 0.751841 0.072549 0.107511
0 0.300490 0.737850 0.030392 0.026510
0 0.261765 0.754786 0.009804 0.045655
0 0.262745 0.729013 0.023529 0.020619
0 0.268137 0.705449 0.008824 0.038292
0 0.298529 0.708395 0.018627 0.053019
0 0.257353 0.683358 0.012745 0.053019
0 0.288235 0.673049 0.017647 0.035346
0 0.328431 0.683358 0.013725 0.014728
0 0.362255 0.677467 0.014706 0.032401
0 0.400490 0.690722 0.016667 0.070692
0 0.410784 0.660530 0.011765 0.033873
0 0.373529 0.644330 0.015686 0.048601
0 0.335294 0.665685 0.013725 0.026510
0 0.338725 0.657585 0.024510 0.048601
0 0.340196 0.631811 0.023529 0.038292
0 0.307843 0.657585 0.015686 0.060383
0 0.291667 0.634757 0.018627 0.058910
0 0.258333 0.644330 0.026471 0.054492
0 0.308333 0.606775 0.014706 0.058910
0 0.333333 0.599411 0.011765 0.035346
0 0.366176 0.601620 0.022549 0.069219
0 0.404412 0.618557 0.044118 0.058910
0 0.438235 0.583947 0.017647 0.060383
0 0.441667 0.629602 0.014706 0.033873
0 0.472059 0.625184 0.014706 0.033873
0 0.461275 0.603093 0.008824 0.027982
0 0.480392 0.591311 0.009804 0.027982
0 0.494118 0.600884 0.013725 0.070692
0 0.468137 0.578792 0.014706 0.041237
0 0.455392 0.557437 0.010784 0.030928
0 0.430392 0.536082 0.011765 0.041237
0 0.423529 0.506627 0.009804 0.032401
0 0.400490 0.576583 0.010784 0.019146
0 0.388725 0.568483 0.014706 0.035346
0 0.402451 0.543446 0.010784 0.055965
0 0.383333 0.534610 0.011765 0.041237
0 0.362745 0.554492 0.011765 0.027982
0 0.347549 0.558174 0.008824 0.047128
0 0.319608 0.575847 0.011765 0.058910
0 0.287745 0.583947 0.014706 0.051546
0 0.305882 0.552283 0.017647 0.044183
0 0.280392 0.545655 0.013725 0.051546
0 0.283333 0.515464 0.011765 0.023564
0 0.331373 0.530928 0.009804 0.054492
0 0.367647 0.520619 0.015686 0.036819
0 0.382353 0.506627 0.013725 0.023564
0 0.442157 0.463181 0.037255 0.057437
0 0.428922 0.417526 0.032353 0.042710
0 0.435294 0.391016 0.023529 0.048601
0 0.442647 0.348306 0.024510 0.042710
0 0.437255 0.320324 0.017647 0.010309
0 0.441667 0.298233 0.018627 0.030928
0 0.470588 0.295287 0.019608 0.030928
0 0.477941 0.343888 0.024510 0.033873
0 0.514216 0.413108 0.010784 0.027982
0 0.498039 0.321797 0.003922 0.027982
0 0.519118 0.449926 0.008824 0.022091
0 0.520098 0.476436 0.014706 0.027982
0 0.515196 0.502209 0.020588 0.050074
0 0.545588 0.503682 0.010784 0.047128
0 0.539216 0.488218 0.007843 0.036819
0 0.558824 0.586156 0.015686 0.067747
0 0.619118 0.451399 0.053922 0.104566
0 0.555392 0.409426 0.014706 0.020619
0 0.670588 0.494845 0.007843 0.055965
0 0.652451 0.458027 0.010784 0.047128
0 0.706863 0.551546 0.054902 0.057437
0 0.725490 0.591311 0.060784 0.039764
0 0.595098 0.593520 0.011765 0.061856
0 0.637255 0.547128 0.011765 0.060383
0 0.643627 0.587629 0.014706 0.067747
0 0.665686 0.596465 0.017647 0.044183
0 0.661765 0.620766 0.023529 0.060383
0 0.603431 0.659794 0.022549 0.073638
0 0.590686 0.704713 0.024510 0.104566
0 0.632843 0.700295 0.012745 0.089838
0 0.664216 0.683358 0.020588 0.082474
0 0.713235 0.712813 0.026471 0.091311
0 0.698039 0.659794 0.009804 0.061856
0 0.718627 0.630339 0.015686 0.050074
0 0.733824 0.637703 0.010784 0.058910
0 0.753431 0.667158 0.014706 0.076583
0 0.763235 0.634021 0.012745 0.060383
0 0.768627 0.591311 0.015686 0.063328
0 0.800490 0.617820 0.010784 0.033873
0 0.794118 0.645066 0.019608 0.064801
0 0.845098 0.650221 0.015686 0.027982
0 0.839706 0.684831 0.016667 0.050074
0 0.856863 0.718704 0.013725 0.044183
0 0.897549 0.725331 0.012745 0.078056
0 0.937255 0.776141 0.013725 0.094256
0 0.976471 0.847570 0.021569 0.110457
0 0.917647 0.864507 0.021569 0.106038
0 0.855882 0.807069 0.023529 0.117820
0 0.797059 0.719440 0.027451 0.051546
0 0.802941 0.796760 0.035294 0.082474
0 0.786275 0.846834 0.031373 0.111929
