0 0.442424 0.920375 0.048485 0.126464
0 0.356818 0.855972 0.034848 0.156909
0 0.290909 0.831382 0.030303 0.145199
0 0.092424 0.749415 0.054545 0.117096
0 0.484091 0.810304 0.028788 0.126464
0 0.483333 0.717799 0.030303 0.077283
0 0.358333 0.688525 0.025758 0.098361
0 0.375758 0.637002 0.021212 0.084309
0 0.307576 0.608899 0.024242 0.088993
0 0.286364 0.542155 0.012121 0.072600
0 0.246970 0.605386 0.021212 0.100703
0 0.224242 0.529274 0.018182 0.079625
0 0.262121 0.511710 0.018182 0.067916
0 0.276515 0.474239 0.013636 0.035129
0 0.258333 0.450820 0.007576 0.030445
0 0.322727 0.483607 0.045455 0.105386
0 0.384091 0.549180 0.059091 0.114754
0 0.418182 0.507026 0.012121 0.063232
0 0.487121 0.563232 0.071212 0.114754
0 0.584848 0.765808 0.139394 0.182670
0 0.378788 0.459016 0.015152 0.046838
0 0.406818 0.436768 0.040909 0.086651
0 0.362121 0.435597 0.015152 0.046838
0 0.290152 0.428571 0.016667 0.046838
0 0.371212 0.398126 0.027273 0.037471
0 0.321212 0.354801 0.024242 0.044496
0 0.556061 0.459016 0.100000 0.117096
0 0.730303 0.659251 0.039394 0.119438
0 0.697727 0.605386 0.031818 0.077283
0 0.891667 0.768150 0.046970 0.112412
0 0.900000 0.625293 0.036364 0.088993
0 0.702273 0.509368 0.025758 0.063232
0 0.656818 0.470726 0.013636 0.051522
0 0.633333 0.469555 0.009091 0.049180
0 0.459848 0.352459 0.028788 0.035129
0 0.385606 0.297424 0.034848 0.051522
