0 0.391892 0.826134 0.037838 0.118790
1 0.028378 0.709503 0.048649 0.071274
1 0.065541 0.674946 0.036486 0.075594
1 0.083784 0.639309 0.048649 0.086393
0 0.214189 0.672786 0.033784 0.092873
0 0.304730 0.600432 0.022973 0.060475
0 0.277027 0.576674 0.021622 0.073434
0 0.356081 0.577754 0.020270 0.071274
0 0.380405 0.547516 0.014865 0.062635
0 0.408784 0.534557 0.017568 0.062635
0 0.466216 0.542117 0.043243 0.082073
0 0.529054 0.577754 0.022973 0.079914
0 0.631081 0.580994 0.064865 0.120950
0 0.612838 0.451404 0.039189 0.069114
0 0.539189 0.429806 0.035135 0.056156
0 0.422973 0.480562 0.040541 0.066955
0 0.363514 0.501080 0.027027 0.056156
0 0.439189 0.435205 0.013514 0.028078
0 0.479054 0.409287 0.012162 0.032397
0 0.473649 0.386609 0.012162 0.017279
0 0.435811 0.396328 0.006757 0.028078
0 0.458108 0.377970 0.013514 0.038877
0 0.958108 0.507559 0.083784 0.095032
0 0.843243 0.433045 0.021622 0.036717
0 0.835811 0.383369 0.006757 0.032397
0 0.783108 0.373650 0.036486 0.034557
0 0.829730 0.353132 0.013514 0.023758
0 0.743243 0.347732 0.010811 0.021598
