0 0.338964 0.766892 0.128378 0.327703
0 0.091779 0.842061 0.181306 0.315878
0 0.222410 0.512669 0.055180 0.106419
0 0.319257 0.506757 0.048423 0.057432
0 0.309122 0.408784 0.021396 0.033784
0 0.262387 0.397804 0.018018 0.028716
0 0.224099 0.385980 0.020270 0.055743
0 0.555180 0.539696 0.069820 0.096284
0 0.264077 0.368243 0.014640 0.020270
0 0.298986 0.375000 0.019144 0.016892
0 0.302928 0.356419 0.011261 0.013514
0 0.276464 0.356419 0.010135 0.020270
0 0.346284 0.347973 0.025901 0.037162
0 0.368243 0.358108 0.015766 0.023649
