0 0.509848 0.960046 0.137879 0.079909
0 0.741667 0.978311 0.137879 0.025114
0 0.945455 0.949772 0.090909 0.086758
0 0.878030 0.873288 0.022727 0.143836
0 0.960606 0.819635 0.039394 0.095890
0 0.948485 0.745434 0.024242 0.098174
0 0.931061 0.582192 0.113636 0.200913
0 0.830303 0.699772 0.121212 0.157534
0 0.784848 0.574201 0.087879 0.116438
0 0.759091 0.465753 0.054545 0.086758
0 0.732576 0.399543 0.059091 0.091324
0 0.706061 0.320776 0.042424 0.075342
0 0.695455 0.272831 0.051515 0.066210
0 0.695455 0.223744 0.054545 0.063927
0 0.672727 0.191781 0.036364 0.031963
0 0.886364 0.446347 0.066667 0.057078
0 0.848485 0.386986 0.078788 0.079909
0 0.793939 0.348174 0.030303 0.066210
0 0.865909 0.326484 0.019697 0.054795
0 0.806818 0.316210 0.068182 0.079909
0 0.755303 0.325342 0.022727 0.038813
0 0.786364 0.253425 0.063636 0.073059
0 0.759091 0.234018 0.048485 0.061644
0 0.751515 0.188356 0.051515 0.038813
0 0.696970 0.816210 0.169697 0.226027
0 0.639394 0.609589 0.100000 0.178082
0 0.656818 0.522831 0.080303 0.086758
0 0.631061 0.461187 0.071212 0.095890
0 0.617424 0.349315 0.068182 0.100457
0 0.611364 0.264840 0.059091 0.077626
0 0.606818 0.205479 0.050000 0.068493
0 0.496212 0.815068 0.128788 0.173516
0 0.490909 0.644977 0.109091 0.139269
0 0.515152 0.420091 0.078788 0.127854
0 0.518939 0.337900 0.046970 0.045662
0 0.521970 0.305936 0.056061 0.041096
0 0.524242 0.264840 0.045455 0.050228
0 0.518182 0.236301 0.045455 0.052511
0 0.525000 0.202055 0.037879 0.038813
0 0.454545 0.530822 0.021212 0.057078
0 0.466667 0.487443 0.027273 0.057078
0 0.440152 0.454338 0.016667 0.086758
0 0.443939 0.394977 0.015152 0.045662
0 0.459848 0.381279 0.019697 0.077626
0 0.316667 0.849315 0.106061 0.210046
0 0.329545 0.672374 0.092424 0.134703
0 0.350758 0.555936 0.092424 0.121005
0 0.375758 0.484018 0.084848 0.091324
0 0.378030 0.399543 0.080303 0.077626
0 0.392424 0.336758 0.060606 0.070776
0 0.418939 0.275114 0.059091 0.084475
0 0.426515 0.208904 0.037879 0.043379
0 0.334848 0.332192 0.018182 0.075342
0 0.378788 0.257991 0.015152 0.068493
0 0.337879 0.279680 0.051515 0.070776
0 0.281818 0.303653 0.066667 0.077626
0 0.268939 0.380137 0.074242 0.079909
0 0.231061 0.461187 0.059091 0.100457
0 0.276515 0.487443 0.025758 0.057078
0 0.265909 0.567352 0.028788 0.111872
0 0.233333 0.574201 0.042424 0.061644
0 0.215152 0.617580 0.021212 0.066210
0 0.223485 0.687215 0.019697 0.105023
0 0.260606 0.731735 0.027273 0.084475
0 0.153788 0.801370 0.098485 0.191781
0 0.245455 0.946347 0.015152 0.070776
0 0.146970 0.914384 0.027273 0.084475
0 0.178788 0.978311 0.018182 0.043379
0 0.079545 0.964612 0.031818 0.034247
0 0.038636 0.885845 0.025758 0.082192
0 0.051515 0.780822 0.027273 0.091324
0 0.038636 0.675799 0.007576 0.045662
0 0.014394 0.732877 0.019697 0.068493
