0 0.498437 0.946667 0.041875 0.097778
0 0.543438 0.873889 0.035625 0.156667
0 0.490625 0.775556 0.028750 0.095556
0 0.539687 0.738889 0.024375 0.082222
0 0.487500 0.667222 0.021250 0.065556
0 0.525312 0.602778 0.026875 0.094444
0 0.438125 0.933889 0.011250 0.065556
0 0.447813 0.870000 0.013125 0.042222
0 0.465625 0.866111 0.010000 0.050000
0 0.443437 0.789444 0.013125 0.045556
0 0.452813 0.710000 0.009375 0.046667
0 0.450937 0.637778 0.009375 0.057778
0 0.456250 0.585556 0.006250 0.033333
0 0.484063 0.590556 0.020625 0.070000
0 0.524062 0.539444 0.021875 0.045556
0 0.490000 0.541111 0.025000 0.040000
0 0.487187 0.498333 0.024375 0.056667
0 0.483438 0.433333 0.021875 0.055556
0 0.518437 0.426667 0.019375 0.042222
0 0.507500 0.395000 0.016250 0.021111
0 0.485625 0.405000 0.016250 0.021111
0 0.484063 0.370556 0.019375 0.036667
0 0.465938 0.366111 0.009375 0.018889
