0 0.553955 0.661458 0.176270 0.509115
0 0.814209 0.793294 0.156738 0.249349
0 0.415039 0.430013 0.023438 0.059245
0 0.617676 0.405599 0.053711 0.088542
0 0.571289 0.349284 0.043945 0.085286
0 0.493164 0.329753 0.038086 0.067057
0 0.569580 0.285156 0.042480 0.059896
0 0.547607 0.252604 0.030762 0.041667
0 0.510010 0.235352 0.023926 0.038411
0 0.476318 0.261719 0.033691 0.042969
0 0.465332 0.228516 0.022461 0.028646
0 0.429932 0.217448 0.011230 0.024740
0 0.505615 0.190755 0.024902 0.041667
0 0.761475 0.389648 0.077637 0.067057
0 0.907715 0.434245 0.100586 0.084635
0 0.760254 0.309245 0.066406 0.054688
0 0.763672 0.259440 0.054688 0.043620
0 0.699707 0.218750 0.041992 0.039062
0 0.652344 0.218750 0.044922 0.041667
0 0.590088 0.210612 0.028809 0.021484
0 0.572510 0.164062 0.020996 0.018229
0 0.548340 0.166992 0.015625 0.031901
