0 0.735938 0.884375 0.167708 0.203125
0 0.910937 0.820312 0.140625 0.256250
0 0.892188 0.591406 0.138542 0.182812
0 0.802083 0.433594 0.112500 0.135937
0 0.764583 0.332813 0.114583 0.090625
0 0.742708 0.243750 0.093750 0.106250
0 0.673438 0.198437 0.063542 0.084375
0 0.557292 0.194531 0.070833 0.098437
0 0.497917 0.319531 0.075000 0.120313
0 0.641667 0.351562 0.104167 0.162500
0 0.697396 0.615625 0.165625 0.293750
0 0.546354 0.875781 0.051042 0.192188
0 0.514062 0.746875 0.051042 0.156250
0 0.459896 0.886719 0.063542 0.167187
0 0.424479 0.755469 0.048958 0.129688
0 0.426042 0.639844 0.043750 0.104688
0 0.350000 0.657813 0.054167 0.190625
0 0.346354 0.862500 0.026042 0.168750
0 0.394271 0.940625 0.034375 0.081250
0 0.286979 0.922656 0.038542 0.142187
0 0.295833 0.758594 0.043750 0.151562
0 0.218750 0.678125 0.045833 0.193750
0 0.230729 0.560937 0.042708 0.125000
0 0.313021 0.447656 0.094792 0.207813
0 0.110417 0.763281 0.202083 0.464062
0 0.350521 0.296094 0.084375 0.079687
0 0.358854 0.232031 0.073958 0.042188
0 0.371875 0.176563 0.068750 0.062500
0 0.478125 0.153125 0.060417 0.100000
0 0.386458 0.111719 0.043750 0.054688
0 0.591667 0.153125 0.062500 0.093750
0 0.694792 0.137500 0.075000 0.084375
