0 0.561667 0.925137 0.040000 0.081044
0 0.661250 0.942308 0.040833 0.076923
0 0.706667 0.868819 0.040000 0.061813
0 0.647083 0.833104 0.049167 0.078297
0 0.567917 0.848214 0.032500 0.056319
0 0.554583 0.771291 0.027500 0.053571
0 0.635417 0.736264 0.047500 0.079670
0 0.609583 0.668956 0.042500 0.101648
0 0.556250 0.719093 0.030833 0.048077
0 0.545000 0.667582 0.025000 0.032967
0 0.543333 0.618132 0.033333 0.021978
0 0.589583 0.605769 0.022500 0.049451
0 0.531667 0.590659 0.020000 0.021978
0 0.571250 0.549451 0.034167 0.052198
0 0.525000 0.565934 0.020000 0.021978
0 0.553333 0.486264 0.036667 0.071429
0 0.517917 0.508929 0.035833 0.075549
0 0.437083 0.866071 0.032500 0.215659
0 0.363333 0.934753 0.030000 0.094780
0 0.316250 0.900412 0.044167 0.075549
0 0.277500 0.967720 0.028333 0.061813
0 0.367500 0.831731 0.035000 0.061813
0 0.324167 0.809066 0.028333 0.052198
0 0.401250 0.749313 0.029167 0.067308
0 0.354583 0.703297 0.039167 0.112637
0 0.413333 0.679258 0.026667 0.053571
0 0.402917 0.625687 0.024167 0.061813
0 0.375000 0.618132 0.020000 0.054945
0 0.424167 0.603022 0.018333 0.035714
0 0.410000 0.573489 0.015000 0.034341
0 0.382917 0.538462 0.024167 0.071429
0 0.421667 0.543269 0.015000 0.026099
0 0.462083 0.537775 0.032500 0.061813
0 0.416250 0.519918 0.012500 0.026099
0 0.404583 0.488324 0.012500 0.023352
0 0.422500 0.493819 0.015000 0.023352
0 0.461250 0.488324 0.020833 0.020604
0 0.253333 0.828297 0.033333 0.046703
0 0.208750 0.912088 0.040833 0.098901
0 0.272083 0.726648 0.030833 0.041209
0 0.288750 0.687500 0.019167 0.045330
0 0.307083 0.655907 0.022500 0.042582
0 0.804167 0.892170 0.035000 0.056319
0 0.763750 0.793956 0.017500 0.032967
0 0.788750 0.776786 0.022500 0.034341
0 0.771667 0.719780 0.026667 0.049451
0 0.746250 0.747253 0.020833 0.027473
0 0.723750 0.778159 0.024167 0.039835
0 0.716667 0.733516 0.023333 0.043956
