0 0.337500 0.836510 0.099000 0.136364
0 0.201000 0.716276 0.088000 0.104106
0 0.063000 0.697214 0.018000 0.080645
0 0.111500 0.587243 0.023000 0.065982
0 0.150000 0.565249 0.016000 0.060117
0 0.266500 0.497801 0.043000 0.045455
0 0.423500 0.609238 0.059000 0.092375
0 0.440000 0.561584 0.042000 0.043988
0 0.291000 0.461877 0.008000 0.035191
0 0.318500 0.411290 0.051000 0.074780
0 0.394500 0.445015 0.035000 0.042522
0 0.451500 0.428886 0.029000 0.042522
0 0.462500 0.397361 0.029000 0.035191
0 0.488500 0.432551 0.007000 0.035191
0 0.492500 0.382698 0.017000 0.026393
0 0.520500 0.340176 0.011000 0.023460
0 0.370500 0.398827 0.009000 0.029326
0 0.395000 0.391496 0.014000 0.023460
0 0.384000 0.389296 0.004000 0.021994
0 0.840000 0.611437 0.070000 0.082111
