0 0.348120 0.905192 0.064662 0.130926
0 0.451880 0.794582 0.049624 0.112867
0 0.554887 0.810384 0.063158 0.117381
0 0.692481 0.941309 0.124812 0.094808
0 0.642857 0.839729 0.061654 0.108352
0 0.788722 0.872460 0.109774 0.128668
0 0.651128 0.751693 0.069173 0.076749
0 0.690226 0.670429 0.069173 0.090293
0 0.521053 0.716704 0.040602 0.056433
0 0.551128 0.647856 0.025564 0.036117
0 0.433835 0.645598 0.028571 0.040632
0 0.390977 0.644470 0.027068 0.033860
0 0.433083 0.606095 0.024060 0.024831
0 0.524812 0.610609 0.021053 0.038375
0 0.569173 0.600451 0.019549 0.031603
0 0.478195 0.595937 0.021053 0.036117
