0 0.892500 0.818927 0.073000 0.302534
0 0.735500 0.906110 0.189000 0.187779
0 0.813000 0.609538 0.236000 0.295082
0 0.880500 0.391207 0.175000 0.239940
0 0.690000 0.353949 0.180000 0.344262
0 0.623000 0.619970 0.044000 0.211624
0 0.572500 0.690015 0.063000 0.229508
0 0.530000 0.715350 0.052000 0.137109
0 0.510500 0.895678 0.077000 0.181818
0 0.441500 0.946349 0.039000 0.092399
0 0.386500 0.880775 0.061000 0.193741
0 0.415500 0.777198 0.063000 0.126677
0 0.455500 0.707899 0.051000 0.217586
0 0.371500 0.698212 0.061000 0.207154
0 0.278500 0.792101 0.093000 0.233979
0 0.197000 0.854694 0.088000 0.207154
0 0.165500 0.635618 0.269000 0.365127
0 0.402000 0.503726 0.036000 0.190760
0 0.359500 0.598361 0.053000 0.114754
0 0.446500 0.508197 0.047000 0.146051
0 0.510500 0.557377 0.043000 0.166915
0 0.454500 0.568554 0.053000 0.093890
0 0.563500 0.543964 0.041000 0.095380
0 0.618500 0.494784 0.067000 0.080477
0 0.539500 0.478390 0.031000 0.071535
0 0.575000 0.426975 0.038000 0.105812
0 0.521500 0.450075 0.029000 0.092399
0 0.462500 0.441878 0.033000 0.078987
0 0.484500 0.385246 0.029000 0.064083
