0 0.283562 0.813017 0.082192 0.287190
0 0.216438 0.907025 0.063014 0.161157
0 0.161644 0.754132 0.073973 0.252066
0 0.186986 0.567149 0.064384 0.130165
0 0.537671 0.617769 0.195890 0.417355
0 0.908219 0.679752 0.180822 0.632231
0 0.754795 0.508264 0.117808 0.235537
0 0.658904 0.385331 0.046575 0.175620
0 0.789041 0.341942 0.043836 0.080579
0 0.859589 0.292355 0.047945 0.163223
0 0.856164 0.164256 0.041096 0.126033
0 0.892466 0.116736 0.053425 0.130165
0 0.670548 0.173554 0.138356 0.157025
0 0.613014 0.289256 0.056164 0.223140
0 0.404110 0.387397 0.156164 0.175620
0 0.353425 0.530992 0.060274 0.210744
0 0.046575 0.479339 0.073973 0.231405
0 0.171233 0.331612 0.065753 0.196281
0 0.275342 0.338843 0.049315 0.210744
0 0.315068 0.285124 0.032877 0.128099
0 0.454795 0.258264 0.038356 0.090909
0 0.283562 0.206612 0.052055 0.086777
