0 0.287000 0.592622 0.116000 0.299843
0 0.419500 0.554945 0.045000 0.086342
0 0.449500 0.416797 0.031000 0.048666
0 0.435500 0.343014 0.027000 0.058085
0 0.453500 0.310047 0.011000 0.017268
0 0.486000 0.295918 0.014000 0.017268
0 0.706000 0.881476 0.102000 0.127159
0 0.826500 0.848509 0.105000 0.139717
0 0.636500 0.623234 0.073000 0.131868
0 0.674500 0.529827 0.049000 0.070644
0 0.602000 0.492936 0.042000 0.056515
0 0.631500 0.456044 0.027000 0.036107
0 0.623000 0.420722 0.026000 0.040816
0 0.572500 0.420722 0.031000 0.065934
0 0.569500 0.372057 0.027000 0.034537
0 0.591000 0.351648 0.020000 0.043956
0 0.555500 0.359498 0.019000 0.028257
0 0.551000 0.332810 0.022000 0.043956
0 0.653500 0.346154 0.021000 0.023548
