0 0.163194 0.744792 0.056944 0.118750
0 0.304167 0.731250 0.122222 0.120833
0 0.638889 0.805208 0.072222 0.131250
0 0.304861 0.635417 0.026389 0.062500
0 0.325694 0.620833 0.018056 0.045833
0 0.277778 0.613542 0.030556 0.047917
0 0.220139 0.610417 0.031944 0.037500
0 0.177083 0.652083 0.034722 0.054167
0 0.304861 0.587500 0.065278 0.066667
0 0.453472 0.630208 0.015278 0.043750
0 0.500000 0.660417 0.030556 0.058333
0 0.577083 0.661458 0.087500 0.068750
0 0.747222 0.715625 0.144444 0.089583
0 0.877083 0.768750 0.062500 0.112500
0 0.972222 0.756250 0.052778 0.095833
