0 0.303472 0.725000 0.120833 0.125000
0 0.161111 0.743750 0.044444 0.125000
0 0.635417 0.798958 0.070833 0.152083
0 0.740972 0.708333 0.159722 0.100000
0 0.874306 0.787500 0.076389 0.133333
0 0.910417 0.765625 0.054167 0.114583
0 0.970833 0.756250 0.058333 0.120833
0 0.863194 0.706250 0.048611 0.079167
0 0.575694 0.661458 0.087500 0.060417
0 0.498611 0.658333 0.041667 0.066667
0 0.302778 0.634375 0.022222 0.056250
0 0.329861 0.618750 0.018056 0.045833
0 0.377083 0.610417 0.023611 0.050000
0 0.224306 0.612500 0.045833 0.054167
0 0.177083 0.651042 0.051389 0.072917
0 0.278472 0.616667 0.037500 0.054167
0 0.306250 0.588542 0.065278 0.089583
0 0.434722 0.613542 0.038889 0.043750
0 0.458333 0.634375 0.019444 0.043750
