0 0.735054 0.940367 0.247283 0.119266
0 0.860054 0.852064 0.198370 0.089450
0 0.942255 0.811927 0.115489 0.074924
0 0.755435 0.776376 0.122283 0.060398
0 0.646739 0.826453 0.144022 0.081040
0 0.471467 0.924312 0.187500 0.128440
0 0.276495 0.884174 0.183424 0.107798
0 0.294837 0.801223 0.127717 0.067278
0 0.470109 0.810780 0.119565 0.077217
0 0.576087 0.767202 0.125000 0.057339
0 0.296875 0.730122 0.194293 0.056575
0 0.531929 0.727064 0.161685 0.042813
0 0.362772 0.711774 0.168478 0.038226
0 0.601902 0.679664 0.084239 0.047401
0 0.734375 0.692278 0.107337 0.049694
0 0.955163 0.720948 0.089674 0.091743
0 0.834239 0.680810 0.146739 0.078746
