0 0.409647 0.897044 0.216033 0.169215
0 0.788043 0.812946 0.059783 0.094801
0 0.590353 0.744139 0.115489 0.087666
0 0.447690 0.745158 0.150815 0.103976
0 0.561141 0.681957 0.084239 0.063201
0 0.654891 0.667686 0.062500 0.057085
0 0.598505 0.652905 0.050272 0.041794
0 0.697011 0.637105 0.046196 0.032620
0 0.822690 0.644750 0.052989 0.039755
0 0.758832 0.626911 0.039402 0.028542
0 0.711277 0.616718 0.031250 0.022426
0 0.646739 0.619266 0.038043 0.041794
0 0.417120 0.676860 0.100543 0.040775
0 0.404212 0.653415 0.112772 0.038736
0 0.281929 0.647808 0.080163 0.033639
0 0.452446 0.626402 0.059783 0.025484
0 0.534647 0.616208 0.047554 0.017329
