0 0.582880 0.593654 0.149457 0.092508
0 0.822011 0.646024 0.179348 0.120795
0 0.130435 0.782110 0.089674 0.094801
0 0.256793 0.676606 0.108696 0.091743
0 0.253397 0.577217 0.091033 0.068807
0 0.330842 0.497706 0.042120 0.042813
0 0.431386 0.506498 0.096467 0.057339
0 0.571332 0.502676 0.099185 0.052752
0 0.665761 0.480505 0.089674 0.052752
0 0.627717 0.444572 0.070652 0.040520
0 0.552989 0.454511 0.070652 0.038991
0 0.453125 0.459862 0.080163 0.034404
0 0.269022 0.467890 0.038043 0.030581
0 0.391304 0.436544 0.029891 0.022936
0 0.360734 0.432339 0.031250 0.025229
0 0.421196 0.415520 0.021739 0.017584
0 0.454484 0.433869 0.042120 0.034404
0 0.595109 0.413991 0.043478 0.032875
0 0.536005 0.415138 0.036685 0.022936
