1 0.759259 0.942500 0.167407 0.080000
1 0.473333 0.948750 0.164444 0.074167
1 0.481481 0.873750 0.174815 0.090833
1 0.495556 0.807917 0.114074 0.057500
1 0.689630 0.819583 0.111111 0.054167
1 0.614074 0.719583 0.069630 0.049167
1 0.495556 0.757917 0.096296 0.040833
1 0.182222 0.830833 0.127407 0.056667
1 0.280000 0.758750 0.100741 0.040833
1 0.040000 0.802083 0.074074 0.060833
1 0.100741 0.767917 0.097778 0.039167
1 0.180000 0.742083 0.081481 0.050833
1 0.251852 0.729167 0.062222 0.023333
1 0.312593 0.737083 0.056296 0.037500
1 0.356296 0.710000 0.048889 0.028333
1 0.237778 0.708333 0.069630 0.035000
1 0.500000 0.735417 0.054815 0.034167
