1 0.856658 0.906728 0.175272 0.077982
1 0.262228 0.922401 0.157609 0.084862
1 0.453125 0.789373 0.074728 0.054281
1 0.568614 0.797783 0.093750 0.049694
1 0.715353 0.803517 0.088315 0.051988
1 0.644022 0.759174 0.076087 0.036697
1 0.533288 0.750382 0.072011 0.034404
1 0.353940 0.765291 0.074728 0.039755
1 0.434103 0.734709 0.066576 0.029052
1 0.055707 0.842125 0.108696 0.055810
1 0.202446 0.747706 0.057065 0.024465
1 0.166440 0.729740 0.058424 0.023700
1 0.221467 0.707187 0.051630 0.033639
1 0.283967 0.702217 0.046196 0.019113
