1 0.565278 0.832705 0.072222 0.052751
1 0.654167 0.885833 0.077778 0.047476
1 0.750694 0.918613 0.087500 0.049736
1 0.659028 0.969103 0.093056 0.054258
1 0.558333 0.967219 0.102778 0.055011
1 0.327083 0.908817 0.112500 0.075358
1 0.467361 0.827430 0.095833 0.069329
1 0.456944 0.732479 0.055556 0.042200
1 0.520139 0.718915 0.059722 0.037679
1 0.711806 0.789751 0.056944 0.043708
1 0.729167 0.847777 0.072222 0.048229
1 0.647222 0.833836 0.063889 0.045968
1 0.644444 0.795026 0.052778 0.037679
1 0.640278 0.760362 0.061111 0.037679
